# Fiat Lux! 2015-16
#
# G02: init dessin
#

3
0.15 -0.1 1.5707
0.15 -0.1 1.5707
0.15 -0.1 1.5707
FIN_LISTE

1
0.03875 -0.160625 0.11125 -0.156875
FIN_LISTE

3
6 0.00999999 -0.315625 0.3625 -0.303125 0.35125 0.299375 -0.30625 0.313125 -0.32 -0.310625 -0.0275 -0.319375 
6 0.00999999 -0.315625 0.3625 -0.303125 0.35125 0.299375 -0.30625 0.313125 -0.32 -0.310625 -0.0275 -0.319375 
6 0.00999999 -0.315625 0.3625 -0.303125 0.35125 0.299375 -0.30625 0.313125 -0.32 -0.310625 -0.0275 -0.319375 
FIN_LISTE

1
-0.159998 -0.0799961 -1.57089 
FIN_LISTE
