#projecteur
0
FIN_LISTE

#reflecteur
3
-0.110000 -0.100000 -0.110000 0.100000 
0.000000 -0.100000 0.000000 0.100000 
0.080000 -0.100000 0.080000 0.100000 
FIN_LISTE

#absorbeur
0
FIN_LISTE

#photon
155
-0.160095 -1.119996 -1.570890 
-0.150095 -1.119997 -1.570890 
-0.140095 -1.119998 -1.570890 
-0.130095 -1.119999 -1.570890 
-0.120095 -1.120000 -1.570890 
-0.080096 -1.119996 -1.570890 
-0.070096 -1.119997 -1.570890 
-0.060096 -1.119998 -1.570890 
-0.050096 -1.119999 -1.570890 
-0.040096 -1.120000 -1.570890 
0.019904 -1.119996 -1.570890 
0.029904 -1.119997 -1.570890 
0.039904 -1.119998 -1.570890 
0.049904 -1.119999 -1.570890 
0.059904 -1.120000 -1.570890 
0.109905 -1.119996 -1.570890 
0.119905 -1.119997 -1.570890 
0.129905 -1.119998 -1.570890 
0.139905 -1.119999 -1.570890 
0.149905 -1.120000 -1.570890 
-0.160093 -1.099996 -1.570890 
-0.150093 -1.099997 -1.570890 
-0.140093 -1.099998 -1.570890 
-0.130093 -1.099999 -1.570890 
-0.120093 -1.100000 -1.570890 
-0.080094 -1.099996 -1.570890 
-0.070094 -1.099997 -1.570890 
-0.060094 -1.099998 -1.570890 
-0.050094 -1.099999 -1.570890 
-0.040094 -1.100000 -1.570890 
0.019906 -1.099996 -1.570890 
0.029906 -1.099997 -1.570890 
0.039906 -1.099998 -1.570890 
0.049906 -1.099999 -1.570890 
0.059906 -1.100000 -1.570890 
0.109907 -1.099996 -1.570890 
0.119907 -1.099997 -1.570890 
0.129907 -1.099998 -1.570890 
0.139907 -1.099999 -1.570890 
0.149907 -1.100000 -1.570890 
-0.160091 -1.079996 -1.570890 
-0.150091 -1.079997 -1.570890 
-0.140091 -1.079998 -1.570890 
-0.130091 -1.079999 -1.570890 
-0.120091 -1.080000 -1.570890 
-0.080092 -1.079996 -1.570890 
-0.070092 -1.079997 -1.570890 
-0.060092 -1.079998 -1.570890 
-0.050092 -1.079999 -1.570890 
-0.040092 -1.080000 -1.570890 
0.019908 -1.079996 -1.570890 
0.029908 -1.079997 -1.570890 
0.039908 -1.079998 -1.570890 
0.049908 -1.079999 -1.570890 
0.059908 -1.080000 -1.570890 
0.109909 -1.079996 -1.570890 
0.119909 -1.079997 -1.570890 
0.129909 -1.079998 -1.570890 
0.139909 -1.079999 -1.570890 
0.149909 -1.080000 -1.570890 
-0.160089 -1.059996 -1.570890 
-0.150089 -1.059997 -1.570890 
-0.140089 -1.059998 -1.570890 
-0.130089 -1.059999 -1.570890 
-0.120089 -1.060000 -1.570890 
-0.080090 -1.059996 -1.570890 
-0.070090 -1.059997 -1.570890 
-0.060090 -1.059998 -1.570890 
-0.050090 -1.059999 -1.570890 
-0.040090 -1.060000 -1.570890 
0.019910 -1.059996 -1.570890 
0.029910 -1.059997 -1.570890 
0.039910 -1.059998 -1.570890 
0.049910 -1.059999 -1.570890 
0.059910 -1.060000 -1.570890 
0.109911 -1.059996 -1.570890 
0.119911 -1.059997 -1.570890 
0.129911 -1.059998 -1.570890 
0.139911 -1.059999 -1.570890 
0.149911 -1.060000 -1.570890 
-0.160087 -1.039996 -1.570890 
-0.150087 -1.039997 -1.570890 
-0.140087 -1.039998 -1.570890 
-0.130087 -1.039999 -1.570890 
-0.120087 -1.040000 -1.570890 
-0.080088 -1.039996 -1.570890 
-0.070088 -1.039997 -1.570890 
-0.060088 -1.039998 -1.570890 
-0.050088 -1.039999 -1.570890 
-0.040088 -1.040000 -1.570890 
0.019912 -1.039996 -1.570890 
0.029912 -1.039997 -1.570890 
0.039912 -1.039998 -1.570890 
0.049912 -1.039999 -1.570890 
0.059912 -1.040000 -1.570890 
0.109913 -1.039996 -1.570890 
0.119913 -1.039997 -1.570890 
0.129913 -1.039998 -1.570890 
0.139913 -1.039999 -1.570890 
0.149913 -1.040000 -1.570890 
-0.160085 -1.019996 -1.570890 
-0.150085 -1.019997 -1.570890 
-0.140085 -1.019998 -1.570890 
-0.130085 -1.019999 -1.570890 
-0.120085 -1.020000 -1.570890 
-0.080086 -1.019996 -1.570890 
-0.070086 -1.019997 -1.570890 
-0.060086 -1.019998 -1.570890 
-0.050086 -1.019999 -1.570890 
-0.040086 -1.020000 -1.570890 
0.019914 -1.019996 -1.570890 
0.029914 -1.019997 -1.570890 
0.039914 -1.019998 -1.570890 
0.049914 -1.019999 -1.570890 
0.059914 -1.020000 -1.570890 
0.109915 -1.019996 -1.570890 
0.119915 -1.019997 -1.570890 
0.129915 -1.019998 -1.570890 
0.139915 -1.019999 -1.570890 
0.149915 -1.020000 -1.570890 
-1.017903 -0.424995 -2.741593 
-0.596756 0.490826 2.641593 
-1.053550 -0.307341 -2.841593 
-1.017903 0.414995 2.741593 
-0.596756 -0.480826 -2.641593 
-0.928349 0.567228 2.541593 
-0.865436 -0.669986 -2.441593 
0.574575 0.766051 0.800000 
-0.726474 0.794660 2.241593 
-1.037903 -0.384995 -2.741593 
-0.832686 0.478603 2.641593 
-0.779625 -0.793030 -2.300000 
-0.847898 0.703406 2.400000 
-0.832686 -0.488603 -2.641593 
-0.971164 0.556121 2.600000 
-1.017909 0.448103 2.700000 
0.655234 -0.726729 -0.800000 
0.606889 0.702482 0.741593 
0.632686 -0.488603 -0.500000 
-0.752927 0.795534 2.300000 
0.987376 0.389000 0.400000 
-0.781240 -0.513276 -2.641593 
-0.558349 0.587228 2.541593 
0.815436 -0.659986 -0.700000 
0.753102 0.774830 0.800000 
0.677017 0.815343 0.900000 
-0.830006 -0.385884 -2.741593 
0.962479 0.523953 0.500000 
-0.589625 -0.803030 -2.300000 
0.657898 0.693406 0.741593 
-0.723189 -0.622411 -2.500000 
0.784133 0.547908 0.541593 
0.990235 -0.424475 -0.441593 
0.429156 0.331674 0.341593 
1.039796 0.228819 0.241593 
FIN_LISTE

