#projecteur
19
0.150000 -0.100000 1.570700 
0.060000 -0.100000 1.570700 
-0.040000 -0.100000 1.570700 
-0.120000 -0.100000 1.570700 
-0.361250 -0.245625 0.000000 
-0.363750 -0.163125 0.045423 
-0.365000 -0.085625 0.019997 
-0.368750 -0.010625 0.015623 
-0.371250 0.064375 0.108660 
-0.370000 0.143125 0.028564 
-0.367500 0.211875 -0.027390 
0.418750 -0.236875 3.209060 
0.401250 -0.159375 3.182110 
0.397500 -0.095625 3.114930 
0.390000 -0.026875 3.229600 
0.387500 0.043125 3.186340 
0.390000 0.111875 3.141590 
0.387500 0.183125 3.255380 
0.385000 0.254375 3.230910 
FIN_LISTE

#reflecteur
20
-0.110000 -0.100000 -0.110000 0.100000 
0.000000 -0.100000 0.000000 0.100000 
0.080000 -0.100000 0.080000 0.100000 
-0.183750 0.119375 -0.127500 0.121875 
-0.076250 0.113125 -0.013750 0.118125 
0.025000 0.113125 0.067500 0.114375 
0.100000 0.109375 0.162500 0.111875 
0.098750 -0.138125 0.160000 -0.134375 
0.017500 -0.135625 0.062500 -0.133125 
-0.082500 -0.131875 -0.037500 -0.135625 
-0.176250 -0.138125 -0.122500 -0.138125 
-0.142500 0.145625 -0.075000 0.140625 
-0.007500 0.146875 0.032500 0.148125 
0.085000 0.141875 0.126250 0.143125 
0.023750 0.170625 0.092500 0.168125 
-0.092500 0.154375 -0.018750 0.160625 
-0.037500 0.181875 0.043750 0.181875 
-0.131250 -0.160625 -0.086250 -0.159375 
-0.076250 -0.175625 0.025000 -0.179375 
0.038750 -0.160625 0.111250 -0.156875 
FIN_LISTE

#absorbeur
4
6 0.010000 -0.315625 0.010000 -0.315625 0.010000 -0.315625 0.010000 -0.315625 0.010000 -0.315625 0.010000 -0.315625 
6 0.010000 -0.200000 0.010000 -0.200000 0.010000 -0.200000 0.010000 -0.200000 0.010000 -0.200000 0.010000 -0.200000 
6 0.010000 -0.225625 0.010000 -0.225625 0.010000 -0.225625 0.010000 -0.225625 0.010000 -0.225625 0.010000 -0.225625 
6 0.006250 -0.264375 0.006250 -0.264375 0.006250 -0.264375 0.006250 -0.264375 0.006250 -0.264375 0.006250 -0.264375 
FIN_LISTE

#photon
2189
0.388568 0.294216 3.230910 
0.387676 0.284255 3.230910 
0.386784 0.274295 3.230910 
0.385892 0.264335 3.230910 
0.385000 0.254375 3.230910 
0.392042 0.222866 3.255380 
0.390906 0.212931 3.255380 
0.389771 0.202996 3.255380 
0.388635 0.193060 3.255380 
0.387500 0.183125 3.255380 
0.390000 0.151875 3.141590 
0.390000 0.141875 3.141590 
0.390000 0.131875 3.141590 
0.390000 0.121875 3.141590 
0.390000 0.111875 3.141590 
0.389289 0.083085 3.186340 
0.388842 0.073095 3.186340 
0.388395 0.063105 3.186340 
0.387947 0.053115 3.186340 
0.387500 0.043125 3.186340 
0.393516 0.012970 3.229600 
0.392637 0.003009 3.229600 
0.391758 -0.006952 3.229600 
0.390879 -0.016914 3.229600 
0.390000 -0.026875 3.229600 
0.396434 -0.055639 3.114930 
0.396700 -0.065636 3.114930 
0.396967 -0.075632 3.114930 
0.397233 -0.085629 3.114930 
0.397500 -0.095625 3.114930 
0.402870 -0.119408 3.182110 
0.402465 -0.129400 3.182110 
0.402060 -0.139391 3.182110 
0.401655 -0.149383 3.182110 
0.401250 -0.159375 3.182110 
0.421447 -0.196966 3.209060 
0.420772 -0.206943 3.209060 
0.420098 -0.216921 3.209060 
0.419424 -0.226898 3.209060 
0.418750 -0.236875 3.209060 
-0.366405 0.171890 -0.027390 
-0.366678 0.181886 -0.027390 
-0.366952 0.191883 -0.027390 
-0.367226 0.201879 -0.027390 
-0.367500 0.211875 -0.027390 
-0.371142 0.103141 0.028564 
-0.370857 0.113137 0.028564 
-0.370571 0.123133 0.028564 
-0.370286 0.133129 0.028564 
-0.370000 0.143125 0.028564 
-0.375588 0.024611 0.108660 
-0.374503 0.034552 0.108660 
-0.373419 0.044493 0.108660 
-0.372334 0.054434 0.108660 
-0.371250 0.064375 0.108660 
-0.369375 -0.050620 0.015623 
-0.369219 -0.040621 0.015623 
-0.369062 -0.030623 0.015623 
-0.368906 -0.020624 0.015623 
-0.368750 -0.010625 0.015623 
-0.365800 -0.125617 0.019997 
-0.365600 -0.115619 0.019997 
-0.365400 -0.105621 0.019997 
-0.365200 -0.095623 0.019997 
-0.365000 -0.085625 0.019997 
-0.365566 -0.203084 0.045423 
-0.365112 -0.193094 0.045423 
-0.364658 -0.183104 0.045423 
-0.364204 -0.173115 0.045423 
-0.363750 -0.163125 0.045423 
-0.361250 -0.285625 0.000000 
-0.361250 -0.275625 0.000000 
-0.361250 -0.265625 0.000000 
-0.361250 -0.255625 0.000000 
-0.361250 -0.245625 0.000000 
-0.160000 -0.100004 1.570700 
-0.150000 -0.100003 1.570700 
-0.140000 -0.100002 1.570700 
-0.130000 -0.100001 1.570700 
-0.120000 -0.100000 1.570700 
-0.080000 -0.100004 1.570700 
-0.070000 -0.100003 1.570700 
-0.060000 -0.100002 1.570700 
-0.050000 -0.100001 1.570700 
-0.040000 -0.100000 1.570700 
0.020000 -0.100004 1.570700 
0.030000 -0.100003 1.570700 
0.040000 -0.100002 1.570700 
0.050000 -0.100001 1.570700 
0.060000 -0.100000 1.570700 
0.110000 -0.100004 1.570700 
0.120000 -0.100003 1.570700 
0.130000 -0.100002 1.570700 
0.140000 -0.100001 1.570700 
0.150000 -0.100000 1.570700 
0.368648 0.292432 3.230910 
0.367756 0.282471 3.230910 
0.366864 0.272511 3.230910 
0.365972 0.262551 3.230910 
0.365080 0.252591 3.230910 
0.372171 0.220595 3.255380 
0.368314 0.196103 -3.086292 
-0.169858 0.164058 3.090285 
0.370700 0.136128 -3.052760 
0.275195 0.137662 -3.052760 
-0.173891 0.107702 -3.052760 
0.275094 0.119084 -3.082783 
-0.404257 0.089103 -3.082783 
0.369309 0.082190 3.186340 
0.368862 0.072200 3.186340 
0.368415 0.062210 3.186340 
0.367967 0.052220 3.186340 
0.367520 0.042230 3.186340 
0.373593 0.011212 3.229600 
0.372714 0.001251 3.229600 
0.371835 -0.008710 3.229600 
0.370956 -0.018672 3.229600 
0.370077 -0.028633 3.229600 
0.376441 -0.055106 3.114930 
0.376707 -0.065102 3.114930 
0.376974 -0.075099 3.114930 
0.377241 -0.085095 3.114930 
0.379782 -0.136031 -3.003933 
0.382949 -0.121236 -3.059814 
-0.530659 -0.186116 -3.059814 
0.382077 -0.136048 3.101075 
0.056275 -0.123077 2.934793 
0.216079 -0.146420 2.934793 
0.400818 -0.208292 3.209060 
0.399470 -0.228246 3.209060 
-0.347976 0.150233 -0.120488 
0.268051 0.158984 -0.045305 
-0.347485 0.176895 -0.045305 
-0.347508 0.211327 -0.027390 
-0.351880 0.120125 0.060267 
-0.129166 0.123562 0.060267 
1.128116 0.189424 0.060267 
-0.350448 0.138620 0.033916 
5.267735 0.319251 0.033916 
-0.355706 0.026780 0.108660 
-0.354621 0.036721 0.108660 
-0.353537 0.046662 0.108660 
-0.352452 0.056603 0.108660 
-0.351368 0.066544 0.108660 
-0.349377 -0.050308 0.015623 
-0.349221 -0.040309 0.015623 
-0.349065 -0.030310 0.015623 
-0.348909 -0.020311 0.015623 
-0.348752 -0.010313 0.015623 
-0.052513 -0.149658 -0.186280 
-0.244488 -0.123645 -0.186280 
-0.346189 -0.114646 -0.186280 
-0.347647 -0.124539 -0.186280 
-0.345004 -0.085225 0.019997 
-0.346340 -0.168839 0.057933 
1.426040 -0.133010 0.010118 
-0.345074 -0.158337 0.076873 
0.036493 -0.138935 0.076873 
-0.341250 -0.275625 0.000000 
-0.341250 -0.255625 0.000000 
-0.341250 -0.245625 0.000000 
-0.159998 -0.080004 1.570700 
-0.149998 -0.080003 1.570700 
-0.139998 -0.080002 1.570700 
-0.129998 -0.080001 1.570700 
-0.119998 -0.080000 1.570700 
-0.079998 -0.080004 1.570700 
-0.069998 -0.080003 1.570700 
-0.059998 -0.080002 1.570700 
-0.049998 -0.080001 1.570700 
-0.039998 -0.080000 1.570700 
0.020002 -0.080004 1.570700 
0.030002 -0.080003 1.570700 
0.040002 -0.080002 1.570700 
0.050002 -0.080001 1.570700 
0.060002 -0.080000 1.570700 
0.110002 -0.080004 1.570700 
0.120002 -0.080003 1.570700 
0.130002 -0.080002 1.570700 
0.140002 -0.080001 1.570700 
0.150002 -0.080000 1.570700 
-0.188339 0.117318 -3.027805 
0.255008 0.141875 3.141590 
-0.194965 0.131877 3.141590 
0.255012 0.121875 3.141590 
-0.423802 0.082681 -3.040742 
0.362903 -0.121028 -3.101075 
-0.551796 -0.168085 -3.101075 
0.103569 -0.151066 -2.978779 
0.038428 -0.150050 -2.823796 
0.380863 -0.209640 3.209060 
0.379515 -0.229594 3.209060 
-0.326420 0.170795 -0.027390 
-0.326967 0.190787 -0.027390 
-0.327515 0.210780 -0.027390 
-0.331159 0.104284 0.028564 
-0.110798 0.124766 3.081326 
1.149150 0.166554 0.028564 
-0.330302 0.134271 0.028564 
6.290613 0.360044 0.046041 
-0.335824 0.028949 0.108660 
-0.334739 0.038890 0.108660 
-0.333655 0.048831 0.108660 
-0.332570 0.058772 0.108660 
-0.331486 0.068713 0.108660 
-0.329380 -0.049995 0.015623 
-0.329224 -0.039996 0.015623 
-0.329067 -0.029998 0.015623 
-0.328911 -0.019999 0.015623 
-0.328755 -0.010000 0.015623 
-0.033735 -0.139057 0.308576 
-0.325408 -0.104821 0.019997 
-0.325208 -0.094823 0.019997 
-0.325008 -0.084825 0.019997 
-0.326804 -0.160652 0.064363 
1.446039 -0.143443 -0.010118 
-0.324245 -0.171298 0.045423 
0.056839 -0.144007 0.045423 
-0.321250 -0.275625 0.000000 
-0.321250 -0.255625 0.000000 
-0.321250 -0.245625 0.000000 
-0.159996 -0.060004 1.570700 
-0.149996 -0.060003 1.570700 
-0.139996 -0.060002 1.570700 
-0.129996 -0.060001 1.570700 
-0.119996 -0.060000 1.570700 
-0.079996 -0.060004 1.570700 
-0.069996 -0.060003 1.570700 
-0.059996 -0.060002 1.570700 
-0.049996 -0.060001 1.570700 
-0.039996 -0.060000 1.570700 
0.020004 -0.060004 1.570700 
0.030004 -0.060003 1.570700 
0.040004 -0.060002 1.570700 
0.050004 -0.060001 1.570700 
0.060004 -0.060000 1.570700 
0.110004 -0.060004 1.570700 
0.120004 -0.060003 1.570700 
0.130004 -0.060002 1.570700 
0.140004 -0.060001 1.570700 
0.150004 -0.060000 1.570700 
-0.444187 0.086752 -3.082783 
-0.570525 -0.189384 -3.059814 
0.081971 -0.123882 3.101075 
0.017805 -0.129763 2.946092 
-0.089238 0.125971 0.060267 
1.168044 0.191833 0.060267 
6.310845 0.354642 0.033916 
-0.315942 0.031118 0.108660 
-0.314857 0.041059 0.108660 
-0.313773 0.051000 0.108660 
-0.013205 -0.157066 -0.186280 
1.466038 -0.132605 0.010118 
0.076818 -0.142810 3.096169 
-0.159994 -0.040004 1.570700 
-0.149994 -0.040003 1.570700 
-0.139994 -0.040002 1.570700 
-0.129994 -0.040001 1.570700 
-0.119994 -0.040000 1.570700 
-0.079994 -0.040004 1.570700 
-0.069994 -0.040003 1.570700 
-0.059994 -0.040002 1.570700 
-0.049994 -0.040001 1.570700 
-0.039994 -0.040000 1.570700 
0.020006 -0.040004 1.570700 
0.030006 -0.040003 1.570700 
0.040006 -0.040002 1.570700 
0.050006 -0.040001 1.570700 
0.060006 -0.040000 1.570700 
0.110006 -0.040004 1.570700 
0.120006 -0.040003 1.570700 
0.130006 -0.040002 1.570700 
0.140006 -0.040001 1.570700 
0.150006 -0.040000 1.570700 
-0.463599 0.078654 -3.040742 
-0.591763 -0.169705 -3.101075 
0.098013 -0.123072 0.040517 
0.001814 -0.125877 0.195500 
-0.069034 0.121761 0.028564 
1.189134 0.167696 0.028564 
6.330570 0.361885 0.046041 
0.004376 -0.126909 0.308576 
1.486037 -0.143847 -0.010118 
0.103161 -0.141902 0.045423 
-0.159992 -0.020004 1.570700 
-0.149992 -0.020003 1.570700 
-0.139992 -0.020002 1.570700 
-0.129992 -0.020001 1.570700 
-0.119992 -0.020000 1.570700 
-0.079992 -0.020004 1.570700 
-0.069992 -0.020003 1.570700 
-0.059992 -0.020002 1.570700 
-0.049992 -0.020001 1.570700 
-0.039992 -0.020000 1.570700 
0.020008 -0.020004 1.570700 
0.030008 -0.020003 1.570700 
0.040008 -0.020002 1.570700 
0.050008 -0.020001 1.570700 
0.060008 -0.020000 1.570700 
0.110008 -0.020004 1.570700 
0.120008 -0.020003 1.570700 
0.130008 -0.020002 1.570700 
0.140008 -0.020001 1.570700 
0.150008 -0.020000 1.570700 
-0.484118 0.084401 -3.082783 
-0.610392 -0.192651 -3.059814 
1.536037 -0.035443 0.081779 
-0.021433 -0.121992 2.946092 
-0.049311 0.128380 0.060267 
1.207971 0.194243 0.060267 
6.350822 0.355999 0.033916 
-0.023431 -0.120835 2.833017 
1.506036 -0.132200 0.010118 
0.122608 -0.132302 0.076873 
-0.159990 -0.000004 1.570700 
-0.149990 -0.000003 1.570700 
-0.139990 -0.000002 1.570700 
-0.129990 -0.000001 1.570700 
-0.119990 -0.000000 1.570700 
-0.079990 -0.000004 1.570700 
-0.069990 -0.000003 1.570700 
-0.059990 -0.000002 1.570700 
-0.049990 -0.000001 1.570700 
-0.039990 -0.000000 1.570700 
0.020010 -0.000004 1.570700 
0.030010 -0.000003 1.570700 
0.040010 -0.000002 1.570700 
0.050010 -0.000001 1.570700 
0.060010 -0.000000 1.570700 
0.110010 -0.000004 1.570700 
0.120010 -0.000003 1.570700 
0.130010 -0.000002 1.570700 
0.140010 -0.000001 1.570700 
0.150010 -0.000000 1.570700 
-0.503396 0.074626 -3.040742 
-0.631731 -0.171325 -3.101075 
1.557812 -0.063893 0.040517 
-0.038751 -0.159521 -2.835095 
-0.029050 0.122903 0.028564 
1.229117 0.168838 0.028564 
6.370528 0.363726 0.046041 
-0.039806 -0.163006 -2.722020 
1.526035 -0.144252 -0.010118 
0.143120 -0.140085 0.045423 
-0.159988 0.019996 1.570700 
-0.149988 0.019997 1.570700 
-0.139988 0.019998 1.570700 
-0.129988 0.019999 1.570700 
-0.119988 0.020000 1.570700 
-0.079988 0.019996 1.570700 
-0.069988 0.019997 1.570700 
-0.059988 0.019998 1.570700 
-0.049988 0.019999 1.570700 
-0.039988 0.020000 1.570700 
0.020012 0.019996 1.570700 
0.030012 0.019997 1.570700 
0.040012 0.019998 1.570700 
0.050012 0.019999 1.570700 
0.060012 0.020000 1.570700 
0.110012 0.019996 1.570700 
0.120012 0.019997 1.570700 
0.130012 0.019998 1.570700 
0.140012 0.019999 1.570700 
0.150012 0.020000 1.570700 
-0.524049 0.082050 -3.082783 
-0.650258 -0.195919 -3.059814 
1.575904 -0.032176 0.081779 
-0.059996 -0.130000 2.957391 
-0.009384 0.130789 0.060267 
1.247898 0.196652 0.060267 
6.390799 0.357355 0.033916 
-0.058769 -0.146051 2.777561 
1.546034 -0.131795 0.010118 
0.162490 -0.129230 0.076873 
-0.159987 0.039996 1.570700 
-0.149987 0.039997 1.570700 
-0.139987 0.039998 1.570700 
-0.129987 0.039999 1.570700 
-0.119987 0.040000 1.570700 
-0.079987 0.039996 1.570700 
-0.069987 0.039997 1.570700 
-0.059987 0.039998 1.570700 
-0.049987 0.039999 1.570700 
-0.039987 0.040000 1.570700 
0.020013 0.039996 1.570700 
0.030013 0.039997 1.570700 
0.040013 0.039998 1.570700 
0.050013 0.039999 1.570700 
0.060013 0.040000 1.570700 
0.110013 0.039996 1.570700 
0.120013 0.039997 1.570700 
0.130013 0.039998 1.570700 
0.140013 0.039999 1.570700 
0.150013 0.040000 1.570700 
-0.543193 0.070599 -3.040742 
1.597780 -0.062272 0.040517 
-0.078031 -0.155618 -2.846394 
-0.010580 0.131994 3.081326 
1.269101 0.169981 0.028564 
6.410486 0.365567 0.046041 
-0.077240 -0.142859 -2.666564 
1.566033 -0.144657 -0.010118 
0.183079 -0.138269 0.045423 
-0.159985 0.059996 1.570700 
-0.149985 0.059997 1.570700 
-0.139985 0.059998 1.570700 
-0.129985 0.059999 1.570700 
-0.119985 0.060000 1.570700 
-0.079985 0.059996 1.570700 
-0.069985 0.059997 1.570700 
-0.059985 0.059998 1.570700 
-0.049985 0.059999 1.570700 
-0.039985 0.060000 1.570700 
0.020015 0.059996 1.570700 
0.030015 0.059997 1.570700 
0.040015 0.059998 1.570700 
0.050015 0.059999 1.570700 
0.060015 0.060000 1.570700 
0.110015 0.059996 1.570700 
0.120015 0.059997 1.570700 
0.130015 0.059998 1.570700 
0.140015 0.059999 1.570700 
0.150015 0.060000 1.570700 
-0.563980 0.079699 -3.082783 
1.615770 -0.028908 0.081779 
-0.098547 -0.138887 2.968691 
-0.029921 0.119197 -2.992495 
1.287826 0.199061 0.060267 
6.430776 0.358712 0.033916 
-0.096148 -0.131809 2.777561 
1.586032 -0.131391 0.010118 
-0.159983 0.079996 1.570700 
-0.149983 0.079997 1.570700 
-0.139983 0.079998 1.570700 
-0.129983 0.079999 1.570700 
-0.119983 0.080000 1.570700 
-0.079983 0.079996 1.570700 
-0.069983 0.079997 1.570700 
-0.059983 0.079998 1.570700 
-0.049983 0.079999 1.570700 
-0.039983 0.080000 1.570700 
0.020017 0.079996 1.570700 
0.030017 0.079997 1.570700 
0.040017 0.079998 1.570700 
0.050017 0.079999 1.570700 
0.060017 0.080000 1.570700 
0.110017 0.079996 1.570700 
0.120017 0.079997 1.570700 
0.130017 0.079998 1.570700 
0.140017 0.079999 1.570700 
0.150017 0.080000 1.570700 
-0.582989 0.066572 -3.040742 
1.637747 -0.064062 0.029218 
-0.101752 -0.135446 0.172902 
-0.050507 0.134403 3.081326 
1.309085 0.171123 0.028564 
6.450443 0.367408 0.046041 
-0.105163 -0.124688 0.364032 
1.606031 -0.145062 -0.010118 
-0.159981 0.099996 1.570700 
-0.149981 0.099997 1.570700 
-0.139981 0.099998 1.570700 
-0.129981 0.099999 1.570700 
-0.118448 0.100123 -1.411040 
-0.077938 0.100160 -1.411040 
-0.067811 0.100171 -1.411040 
-0.057684 0.100182 -1.411040 
-0.047557 0.100193 -1.411040 
-0.039981 0.100000 1.570700 
0.020785 0.100019 -1.511893 
0.030802 0.100020 -1.511893 
0.040819 0.100022 -1.511893 
0.050837 0.100023 -1.511893 
0.060854 0.100025 -1.511893 
0.110941 0.100023 -1.511893 
0.120834 0.100030 -1.490743 
0.130866 0.100032 -1.490743 
0.140898 0.100034 -1.490743 
0.150930 0.100036 -1.490743 
-0.603911 0.077348 -3.082783 
1.655636 -0.025641 0.081779 
-0.079953 -0.166255 -0.050606 
-0.069478 0.113256 -2.992495 
1.327753 0.201470 0.060267 
6.470753 0.360068 0.033916 
-0.133526 -0.117567 2.777561 
1.626030 -0.130986 0.010118 
-0.159940 0.119998 -1.481870 
-0.149901 0.120001 -1.481870 
-0.139861 0.120003 -1.481870 
-0.129822 0.120006 -1.481870 
-0.119977 0.139253 1.570700 
-0.079976 0.145657 1.570700 
-0.069976 0.147256 1.570700 
-0.059976 0.148855 1.570700 
-0.049976 0.150454 1.570700 
-0.039347 0.112104 -1.411040 
0.020024 0.145961 1.570700 
0.030024 0.146548 1.570700 
0.040024 0.147135 1.570700 
0.050024 0.147723 1.570700 
0.060024 0.148310 1.570700 
0.110024 0.151255 1.570700 
0.120023 0.140355 1.570700 
0.130023 0.141154 1.570700 
0.140023 0.141953 1.570700 
0.150023 0.142752 1.570700 
-0.622786 0.062545 -3.040742 
1.677730 -0.062893 0.029218 
-0.060457 -0.150037 0.106147 
-0.090435 0.136812 3.081326 
1.349068 0.172266 0.028564 
6.490401 0.369249 0.046041 
-0.154801 -0.141469 -2.943843 
1.646029 -0.145466 -0.010118 
-0.159977 0.140867 1.570700 
-0.149977 0.141755 1.570700 
-0.139977 0.142643 1.570700 
-0.129977 0.143531 1.570700 
-0.116689 0.085312 -1.481870 
-0.083608 0.116599 -1.718578 
-0.073953 0.113544 -1.718578 
-0.064298 0.110489 -1.718578 
-0.054642 0.107434 -1.718578 
-0.039977 0.140000 1.570700 
0.021164 0.129545 -1.508220 
0.031181 0.129583 -1.508220 
0.041198 0.129622 -1.508220 
0.051215 0.129660 -1.508220 
0.061232 0.129698 -1.508220 
0.111759 0.114064 -1.510112 
0.121080 0.125550 -1.510112 
0.131110 0.125358 -1.510112 
0.141140 0.125166 -1.510112 
0.151170 0.124974 -1.510112 
-0.643842 0.074997 -3.082783 
1.695503 -0.022373 0.081779 
0.015340 -0.144495 0.016150 
-0.109602 0.138017 0.060267 
1.367680 0.203879 0.060267 
6.510730 0.361424 0.033916 
-0.311411 -0.153786 3.066140 
1.666028 -0.130581 0.010118 
-0.162030 0.133124 -1.718578 
-0.152270 0.130773 -1.718578 
-0.142510 0.128421 -1.718578 
-0.132750 0.126069 -1.718578 
-0.114913 -0.044803 -1.659723 
-0.088938 0.150467 1.807409 
-0.079968 0.132139 1.878238 
-0.070921 0.136690 1.878238 
-0.061874 0.141241 1.878238 
-0.043212 0.116301 -1.718578 
0.020597 0.132307 1.667880 
0.030492 0.133862 1.667880 
0.042215 0.117609 1.567027 
0.052217 0.118159 1.567027 
0.062219 0.118710 1.567027 
0.111702 0.137286 1.568919 
0.121919 0.114931 1.590070 
0.131902 0.115924 1.590070 
0.141884 0.116917 1.590070 
0.151867 0.117909 1.590070 
-0.662583 0.058518 -3.040742 
1.717713 -0.061725 0.029218 
0.035073 -0.139859 0.106147 
-0.130362 0.139222 3.081326 
1.389052 0.173408 0.028564 
6.530359 0.371090 0.046041 
1.686027 -0.145871 -0.010118 
-0.165584 0.127050 1.807409 
-0.156071 0.130258 1.807409 
-0.146558 0.133466 1.807409 
-0.137045 0.136674 1.807409 
-0.103311 -0.064724 -1.481870 
-0.097737 0.114404 -1.955287 
-0.083582 0.096344 -1.789408 
-0.079181 0.125954 -2.026116 
-0.070903 0.120119 -2.026116 
-0.049180 0.134304 1.878238 
0.023665 0.089623 -1.508220 
0.033682 0.089662 -1.508220 
0.043699 0.089700 -1.508220 
0.053717 0.089738 -1.508220 
0.063734 0.089776 -1.508220 
0.114185 0.074138 -1.510112 
0.123506 0.085624 -1.510112 
0.133536 0.085432 -1.510112 
0.143566 0.085240 -1.510112 
0.153596 0.085048 -1.510112 
-0.683773 0.072646 -3.082783 
1.735369 -0.019106 0.081779 
0.055335 -0.143849 0.016150 
-0.148590 0.101372 -2.992495 
1.407608 0.206289 0.060267 
6.550707 0.362781 0.033916 
1.706026 -0.130177 0.010118 
-0.167920 0.093560 -1.718578 
-0.158160 0.091209 -1.718578 
-0.148399 0.088857 -1.718578 
-0.138639 0.086505 -1.718578 
-0.101535 -0.084645 -1.481870 
-0.105239 0.072332 -1.186306 
-0.087920 0.076820 -1.789408 
-0.089363 0.139210 2.114947 
-0.081398 0.123406 2.185776 
-0.057325 0.125110 -2.026116 
0.022361 0.156508 1.567027 
0.034933 0.069701 -1.508220 
0.044950 0.069739 -1.508220 
0.054967 0.069777 -1.508220 
0.064985 0.069815 -1.508220 
0.115398 0.054175 -1.510112 
0.124719 0.065661 -1.510112 
0.134749 0.065469 -1.510112 
0.144779 0.065276 -1.510112 
0.154809 0.065084 -1.510112 
-0.702380 0.054490 -3.040742 
1.757696 -0.060556 0.029218 
0.075332 -0.143376 3.125443 
-0.169537 0.113017 -3.131030 
1.429036 0.174550 0.028564 
6.570316 0.372931 0.046041 
1.726025 -0.146276 -0.010118 
-0.170865 0.073778 -1.718578 
-0.161104 0.071427 -1.718578 
-0.151344 0.069075 -1.718578 
-0.141584 0.066723 -1.718578 
-0.099759 -0.104566 -1.481870 
-0.122263 0.053793 -1.955287 
-0.092257 0.057296 -1.789408 
-0.096771 0.090029 -2.026116 
-0.091488 0.107145 -2.096946 
-0.067199 0.120637 2.185776 
0.024229 0.119170 -1.504547 
0.036184 0.049740 -1.508220 
0.046201 0.049778 -1.508220 
0.056218 0.049816 -1.508220 
0.066235 0.049855 -1.508220 
0.116611 0.034211 -1.510112 
0.125931 0.045697 -1.510112 
0.135962 0.045505 -1.510112 
0.145992 0.045313 -1.510112 
0.156022 0.045121 -1.510112 
-0.723703 0.070295 -3.082783 
1.775235 -0.015838 0.081779 
0.104665 -0.143053 0.016150 
-0.561605 0.096269 -3.063325 
1.447535 0.208698 0.060267 
6.590684 0.364137 0.033916 
1.746024 -0.129772 0.010118 
-0.173809 0.053996 -1.718578 
-0.164049 0.051645 -1.718578 
-0.154289 0.049293 -1.718578 
-0.144529 0.046941 -1.718578 
-0.095878 -0.124662 1.315587 
-0.129764 0.035253 -1.955287 
-0.096595 0.037772 -1.789408 
-0.105566 0.053954 -1.115477 
-0.104476 0.156077 2.185776 
-0.077591 0.111163 -2.096946 
0.022046 0.143044 1.664207 
0.037434 0.029779 -1.508220 
0.047452 0.029817 -1.508220 
0.057469 0.029855 -1.508220 
0.067486 0.029894 -1.508220 
0.117824 0.014248 -1.510112 
0.127144 0.025734 -1.510112 
0.137175 0.025542 -1.510112 
0.147205 0.025350 -1.510112 
0.157235 0.025158 -1.510112 
-0.742176 0.050463 -3.040742 
1.797679 -0.059387 0.029218 
0.123908 -0.130394 0.106147 
-0.582164 0.108658 -3.131030 
1.469019 0.175693 0.028564 
6.610274 0.374772 0.046041 
1.766023 -0.146680 -0.010118 
-0.176754 0.034214 -1.718578 
-0.166994 0.031863 -1.718578 
-0.157234 0.029511 -1.718578 
-0.147474 0.027159 -1.718578 
-0.095111 -0.156695 -1.481870 
-0.137266 0.016713 -1.955287 
-0.100932 0.018248 -1.789408 
-0.123229 0.035992 -2.026116 
-0.103985 0.172413 0.955817 
-0.090277 0.153308 2.185776 
0.021131 0.132553 -1.601728 
0.038685 0.009818 -1.508220 
0.048702 0.009856 -1.508220 
0.058719 0.009895 -1.508220 
0.068737 0.009933 -1.508220 
0.119037 -0.005715 -1.510112 
0.128357 0.005771 -1.510112 
0.138387 0.005579 -1.510112 
0.148418 0.005387 -1.510112 
0.158448 0.005195 -1.510112 
-0.763634 0.067944 -3.082783 
2.688630 -0.013753 0.074138 
0.144660 -0.142407 0.016150 
-0.601482 0.093141 -3.063325 
1.487463 0.211107 0.060267 
6.630661 0.365494 0.033916 
1.786022 -0.129367 0.010118 
-0.179699 0.014432 -1.718578 
-0.169939 0.012081 -1.718578 
-0.160179 0.009729 -1.718578 
-0.150419 0.007377 -1.718578 
-0.093335 -0.099634 1.481870 
-0.144768 -0.001827 -1.955287 
-0.105270 -0.043859 -1.352185 
-0.132024 0.018029 -2.026116 
-0.092447 0.175002 -0.955817 
-0.105799 0.115874 -2.333654 
0.019192 0.129064 1.761387 
0.039936 -0.010143 -1.508220 
0.049953 -0.010104 -1.508220 
0.059970 -0.010066 -1.508220 
0.069987 -0.010028 -1.508220 
0.120250 -0.025678 -1.510112 
0.129570 -0.014192 -1.510112 
0.139600 -0.014384 -1.510112 
0.149631 -0.014576 -1.510112 
0.159661 -0.014768 -1.510112 
-0.781973 0.046436 -3.040742 
2.709634 -0.032734 0.029218 
0.163682 -0.126156 0.106147 
-0.622162 0.108235 -3.131030 
1.509003 0.176835 0.028564 
6.650231 0.376613 0.046041 
1.806021 -0.147085 -0.010118 
-0.182644 -0.005350 -1.718578 
-0.172884 -0.007701 -1.718578 
-0.163124 -0.010053 -1.718578 
-0.153364 -0.012405 -1.718578 
-0.091559 -0.079713 1.481870 
-0.152270 -0.020367 -1.955287 
-0.119068 -0.063383 -1.789408 
-0.140819 0.000067 -2.026116 
-0.077054 0.158993 1.124904 
-0.100381 0.101417 -0.807938 
0.019894 0.092572 -1.601728 
0.041186 -0.030104 -1.508220 
0.051204 -0.030065 -1.508220 
0.061221 -0.030027 -1.508220 
0.071238 -0.029989 -1.508220 
0.121463 -0.045641 -1.510112 
0.130783 -0.034155 -1.510112 
0.140813 -0.034347 -1.510112 
0.150843 -0.034539 -1.510112 
0.160874 -0.034731 -1.510112 
-0.803565 0.065593 -3.082783 
2.728521 -0.010791 0.074138 
0.184655 -0.141761 0.016150 
-0.641360 0.090014 -3.063325 
1.527390 0.213516 0.060267 
6.670638 0.366850 0.033916 
1.826020 -0.128962 0.010118 
-0.185589 -0.025132 -1.718578 
-0.175829 -0.027483 -1.718578 
-0.166069 -0.029835 -1.718578 
-0.156309 -0.032187 -1.718578 
-0.089782 -0.059792 1.481870 
-0.159771 -0.038906 -1.955287 
-0.123405 -0.082907 -1.789408 
-0.149614 -0.017896 -2.026116 
-0.064959 0.136087 -0.955817 
-0.090590 0.137319 0.967598 
0.016902 0.153262 1.660534 
0.042437 -0.050064 -1.508220 
0.052454 -0.050026 -1.508220 
0.062472 -0.049988 -1.508220 
0.072489 -0.049950 -1.508220 
0.122676 -0.065604 -1.510112 
0.131996 -0.054118 -1.510112 
0.142026 -0.054311 -1.510112 
0.152056 -0.054503 -1.510112 
0.162086 -0.054695 -1.510112 
-0.821770 0.042409 -3.040742 
2.749617 -0.031566 0.029218 
-0.662159 0.107813 -3.131030 
1.548556 0.176245 0.002213 
6.690189 0.378454 0.046041 
1.846019 -0.147490 -0.010118 
-0.188534 -0.044914 -1.718578 
-0.178774 -0.047265 -1.718578 
-0.169014 -0.049617 -1.718578 
-0.159254 -0.051969 -1.718578 
-0.088006 -0.039871 1.481870 
-0.167273 -0.057446 -1.955287 
-0.127743 -0.102431 -1.789408 
-0.158409 -0.035858 -2.026116 
-0.047765 0.120204 1.115477 
-0.076604 0.094368 -0.878768 
0.016708 0.122031 -1.598054 
0.043688 -0.070025 -1.508220 
0.053705 -0.069987 -1.508220 
0.063722 -0.069949 -1.508220 
0.073740 -0.069911 -1.508220 
0.123889 -0.085568 -1.510112 
0.133209 -0.074082 -1.510112 
0.143239 -0.074274 -1.510112 
0.153269 -0.074466 -1.510112 
0.163299 -0.074658 -1.510112 
-0.843496 0.063242 -3.082783 
2.768411 -0.007828 0.074138 
-0.681238 0.086886 -3.063325 
1.567317 0.215926 0.060267 
6.710615 0.368206 0.033916 
1.866018 -0.128558 0.010118 
-0.191479 -0.064696 -1.718578 
-0.181719 -0.067047 -1.718578 
-0.171959 -0.069399 -1.718578 
-0.162198 -0.071751 -1.718578 
-0.086230 -0.019950 1.481870 
-0.174775 -0.075986 -1.955287 
-0.139265 -0.121955 1.789408 
-0.167204 -0.053821 -2.026116 
-0.035463 0.094329 -0.955817 
-0.063842 0.078969 -0.878768 
0.013225 0.138762 1.757714 
0.044939 -0.089986 -1.508220 
0.054956 -0.089948 -1.508220 
0.064973 -0.089910 -1.508220 
0.074990 -0.089871 -1.508220 
0.125101 -0.105531 -1.510112 
0.134422 -0.094045 -1.510112 
0.144452 -0.094237 -1.510112 
0.154482 -0.094429 -1.510112 
0.164512 -0.094621 -1.510112 
-0.861567 0.038382 -3.040742 
2.789600 -0.030397 0.029218 
-0.702157 0.107390 -3.131030 
1.588556 0.176334 0.002213 
6.730147 0.380295 0.046041 
1.886017 -0.147895 -0.010118 
-0.194424 -0.084478 -1.718578 
-0.184664 -0.086829 -1.718578 
-0.174903 -0.089181 -1.718578 
-0.165143 -0.091533 -1.718578 
-0.084454 -0.000029 1.481870 
-0.182277 -0.094526 -1.955287 
-0.143602 -0.173819 -1.789408 
-0.175999 -0.071783 -2.026116 
-0.023924 0.077994 -0.955817 
-0.051080 0.063569 -0.878768 
0.010196 0.136421 -1.695235 
0.046189 -0.109947 -1.508220 
0.056206 -0.109909 -1.508220 
0.066224 -0.109870 -1.508220 
0.076241 -0.229820 -1.633372 
0.126304 -0.125495 1.632409 
0.135635 -0.114008 -1.510112 
0.145665 -0.114200 -1.510112 
0.155695 -0.114392 -1.510112 
0.165725 -0.114584 -1.510112 
-0.883427 0.060891 -3.082783 
2.808301 -0.004865 0.074138 
-0.721115 0.083759 -3.063325 
1.607245 0.218335 0.060267 
6.750592 0.369563 0.033916 
1.906016 -0.128153 0.010118 
-0.197369 -0.104260 -1.718578 
-0.187608 -0.106611 -1.718578 
-0.177848 -0.108963 -1.718578 
-0.168088 -0.111315 -1.718578 
-0.082678 0.019892 1.481870 
-0.189778 -0.113066 -1.955287 
-0.149730 -0.128884 1.844949 
-0.184794 -0.089745 -2.026116 
-0.012385 0.061658 -0.955817 
-0.038318 0.048170 -0.878768 
0.007194 0.123067 1.854895 
0.047497 -0.129905 1.619217 
0.057488 -0.129868 1.630517 
0.067503 -0.129830 1.630517 
0.085010 -0.249781 -1.508220 
0.128852 -0.167263 -1.510112 
0.136846 -0.133971 1.632409 
0.146877 -0.134163 1.632409 
0.156908 -0.134355 1.632409 
0.166865 -0.133357 1.632409 
-0.901363 0.034354 -3.040742 
2.829583 -0.029229 0.029218 
-0.742155 0.106968 -3.131030 
1.628556 0.176422 0.002213 
6.770104 0.382136 0.046041 
1.926015 -0.148299 -0.010118 
-0.194046 -0.126393 1.718578 
-0.183586 -0.128745 1.718578 
-0.173126 -0.131097 1.718578 
-0.080901 0.039813 1.481870 
-0.202556 -0.131605 1.955287 
-0.155145 -0.166619 -1.844949 
-0.193589 -0.107708 -2.026116 
-0.000847 0.042925 -2.185776 
-0.025556 0.032771 -0.878768 
0.001589 0.153146 1.286698 
0.049197 -0.157948 -1.508220 
0.060054 -0.171315 -1.508220 
0.070000 -0.170131 -1.508220 
0.126833 -0.124745 1.613469 
0.138281 -0.157563 -1.510112 
0.148214 -0.156149 -1.510112 
0.158146 -0.154735 -1.510112 
0.168151 -0.154511 -1.510112 
-0.923358 0.058540 -3.082783 
2.848191 -0.001902 0.074138 
-0.760993 0.080631 -3.063325 
1.647172 0.220744 0.060267 
6.790569 0.370919 0.033916 
1.946014 -0.127748 0.010118 
-0.196991 -0.169639 -1.718578 
-0.186531 -0.167287 -1.718578 
-0.176071 -0.164935 -1.718578 
-0.079125 0.059734 1.481870 
-0.210058 -0.163184 -1.955287 
-0.161916 -0.137044 1.900490 
0.012385 0.026589 -0.955817 
-0.012794 0.017372 -0.878768 
-0.007194 0.172344 1.854895 
0.050928 -0.177927 1.434180 
0.062086 -0.170192 1.434180 
0.071916 -0.172109 1.434180 
0.129847 -0.167916 -1.491172 
0.137213 -0.133420 1.613469 
0.147238 -0.133802 1.613469 
0.157264 -0.134184 1.613469 
0.169364 -0.174474 -1.510112 
-0.941160 0.030327 -3.040742 
2.869566 -0.028060 0.029218 
-0.782153 0.106545 -3.131030 
1.668556 0.176511 0.002213 
6.810062 0.383977 0.046041 
1.966013 -0.148704 -0.010118 
-0.189476 -0.187069 -1.718578 
-0.180279 -0.139221 1.774119 
-0.077349 0.079655 1.481870 
-0.217560 -0.181724 -1.955287 
-0.168391 -0.158129 -1.900490 
0.023924 0.010254 -0.955817 
-0.000032 0.001896 -2.262825 
-0.014223 0.152417 -1.927590 
0.052001 -0.202698 -1.508220 
0.068872 -0.150130 -1.311884 
0.079708 -0.151985 -1.311884 
0.128134 -0.123980 1.594528 
0.139090 -0.158040 -1.491172 
0.148994 -0.156438 -1.491172 
0.158898 -0.154835 -1.491172 
0.170577 -0.194437 -1.510112 
-0.963289 0.056189 -3.082783 
2.889557 -0.027476 0.029218 
-0.800870 0.077504 -3.063325 
1.687100 0.223153 0.060267 
6.830546 0.372275 0.033916 
1.986012 -0.127344 0.010118 
-0.184318 -0.156617 -1.774119 
-0.070967 0.099944 -1.322210 
-0.175711 -0.146645 1.956031 
0.035463 -0.006082 -0.955817 
0.012794 -0.013503 -0.878768 
-0.022006 0.159192 1.990070 
0.070355 -0.110041 1.434180 
0.075171 -0.171318 -1.829709 
0.131608 -0.168483 -1.472232 
0.138347 -0.132850 1.594528 
0.148363 -0.133422 1.594528 
0.158380 -0.133993 1.594528 
-0.980957 0.026300 -3.040742 
2.909549 -0.026892 0.029218 
-0.822150 0.106123 -3.131030 
1.708556 0.176599 0.002213 
6.850019 0.385818 0.046041 
2.006011 -0.149109 -0.010118 
-0.188356 -0.100045 1.774119 
-0.071353 0.146899 1.481870 
-0.183226 -0.148139 -1.956031 
0.047002 -0.022418 -0.955817 
0.025556 -0.028902 -0.878768 
-0.028194 0.114936 -1.927590 
0.073079 -0.090227 1.434180 
0.089950 -0.190651 -1.311884 
0.130206 -0.123229 1.575588 
0.140663 -0.158433 -1.472232 
0.150535 -0.156644 -1.472232 
0.160407 -0.154854 -1.472232 
-1.003219 0.053838 -3.082783 
2.929540 -0.026307 0.029218 
-0.840748 0.074376 -3.063325 
1.727027 0.225562 0.060267 
6.870523 0.373632 0.033916 
2.026010 -0.126939 0.010118 
-0.192395 -0.080457 1.774119 
-0.073496 0.113917 -1.629748 
-0.190742 -0.109577 1.956031 
0.058541 -0.038753 -0.955817 
0.038318 -0.044301 -0.878768 
-0.038393 0.136368 2.087250 
0.075802 -0.009346 1.707413 
0.134133 -0.168934 -1.453292 
0.140249 -0.132291 1.575588 
0.150253 -0.133052 1.575588 
0.160257 -0.133813 1.575588 
-1.020754 0.022273 -3.040742 
2.949531 -0.025723 0.029218 
-0.862148 0.105700 -3.131030 
1.748556 0.176688 0.002213 
6.889977 0.387659 0.046041 
2.046009 -0.149513 -0.010118 
-0.196433 -0.060869 1.774119 
-0.077743 0.132305 1.789408 
0.070080 -0.055089 -0.955817 
0.051080 -0.059700 -0.878768 
-0.050496 0.123695 -2.235128 
0.086921 0.010467 1.434180 
0.133049 -0.122521 1.556648 
0.142996 -0.158715 -1.453292 
0.152832 -0.156739 -1.453292 
0.162668 -0.154763 -1.453292 
-1.043150 0.051487 -3.082783 
2.969523 -0.025139 0.029218 
-0.880625 0.071249 -3.063325 
1.767577 0.209022 0.058375 
6.910500 0.374988 0.033916 
2.066008 -0.126534 0.010118 
-0.083654 0.130586 -1.937286 
0.078382 -0.071425 -2.185776 
0.063842 -0.075099 -0.878768 
-0.063820 0.120370 2.394788 
0.089645 0.030281 1.434180 
0.137417 -0.169242 -1.434352 
0.142919 -0.131771 1.556648 
0.152907 -0.132722 1.556648 
0.165013 -0.174625 -1.453292 
-1.060550 0.018246 -3.040742 
2.989514 -0.024554 0.029218 
-0.902146 0.105278 -3.131030 
1.787827 0.203800 0.030456 
6.929935 0.389500 0.046041 
2.086007 -0.149918 -0.010118 
-0.091849 0.135050 2.026116 
0.093157 -0.087760 -0.955817 
0.076604 -0.098694 -2.262825 
-0.077619 0.114189 -2.305957 
0.092369 0.050094 1.434180 
0.136663 -0.121885 1.537708 
0.146085 -0.158857 -1.434352 
0.155882 -0.156695 -1.434352 
0.167358 -0.194487 -1.453292 
-1.080449 0.016232 -3.040742 
3.009506 -0.023970 0.029218 
-0.920981 0.065503 -3.093349 
1.807509 0.211356 0.058375 
6.950477 0.376345 0.033916 
2.106006 -0.126129 0.010118 
-0.097987 0.093243 -1.937286 
0.104696 -0.104096 -0.955817 
0.096158 -0.114093 -0.878768 
-0.093175 0.147542 2.394788 
0.095093 0.069908 1.434180 
0.141456 -0.169378 -1.415412 
0.146356 -0.131320 1.537708 
0.156324 -0.132460 1.537708 
-1.100347 0.014218 -3.040742 
3.029497 -0.023386 0.029218 
-0.942144 0.104855 -3.131030 
1.827808 0.205018 0.030456 
6.969892 0.391341 0.046041 
2.126005 -0.150323 -0.010118 
-0.105154 0.049320 -1.204307 
0.116235 -0.120432 -0.955817 
0.120579 -0.128778 1.001064 
-0.107852 0.165104 0.746805 
0.097817 0.089722 1.434180 
0.144552 -0.189137 -1.415412 
0.149926 -0.158830 -1.415412 
0.159680 -0.156483 -1.415412 
-1.120246 0.012205 -3.040742 
3.049489 -0.022802 0.029218 
-0.960935 0.063574 -3.093349 
1.847441 0.213689 0.058375 
6.990454 0.377701 0.033916 
2.146004 -0.125725 0.010118 
-0.122013 0.030649 -1.937286 
0.127723 -0.135932 1.078113 
0.134318 -0.160138 -0.878768 
-0.126825 0.178690 2.394788 
0.102486 0.109593 -1.375374 
0.150558 -0.130967 1.518768 
0.160502 -0.132295 1.518768 
-1.140144 0.010191 -3.040742 
3.069480 -0.022217 0.029218 
-0.982141 0.104433 -3.131030 
1.867790 0.206236 0.030456 
7.009850 0.393182 0.046041 
2.166003 -0.150728 -0.010118 
-0.129180 0.011977 -1.937286 
0.139313 -0.153103 -0.955817 
0.144964 -0.134616 0.982124 
-0.141502 0.192276 2.394788 
0.104869 0.141019 1.434180 
0.154513 -0.158606 -1.396472 
0.164221 -0.156075 -1.396472 
-1.160042 0.008178 -3.040742 
3.089472 -0.021633 0.029218 
-1.000888 0.061645 -3.093349 
1.887373 0.216023 0.058375 
7.030431 0.379057 0.033916 
2.186002 -0.125320 0.010118 
-0.136346 -0.006695 -1.937286 
0.149344 -0.140292 1.059173 
0.158098 -0.151125 -0.859828 
0.108699 0.124320 -1.373593 
0.155522 -0.130740 1.499828 
0.167690 -0.175772 -1.396472 
-1.179941 0.006164 -3.040742 
3.109463 -0.021049 0.029218 
-1.022139 0.104010 -3.131030 
1.907771 0.207454 0.030456 
7.049807 0.395023 0.046041 
2.206001 -0.151132 -0.010118 
-0.143513 -0.025367 -1.937286 
0.160548 -0.145916 -0.936876 
0.169859 -0.141341 0.963184 
0.111971 0.126677 1.432399 
0.159840 -0.158157 -1.377531 
-1.199839 0.004150 -3.040742 
3.129455 -0.020464 0.029218 
-1.040842 0.059716 -3.093349 
1.927304 0.218357 0.058375 
7.070407 0.380414 0.033916 
2.226000 -0.124915 0.010118 
-0.150680 -0.044039 -1.937286 
0.168928 -0.105414 1.059173 
0.182272 -0.141163 -0.840888 
0.116536 0.085095 -1.373593 
0.161244 -0.130667 1.480888 
-1.219737 0.002137 -3.040742 
3.149446 -0.019880 0.029218 
-1.062137 0.103588 -3.131030 
1.947753 0.208672 0.030456 
7.089765 0.396864 0.046041 
2.245999 -0.151537 -0.010118 
-0.157847 -0.062711 -1.937286 
0.178720 -0.087975 1.059173 
0.192696 -0.108500 0.963184 
0.120455 0.065483 -1.373593 
0.165900 -0.157454 -1.358591 
-1.239636 0.000123 -3.040742 
3.169438 -0.019296 0.029218 
-1.080795 0.057787 -3.093349 
1.967236 0.220690 0.058375 
7.110384 0.381770 0.033916 
2.265997 -0.124511 0.010118 
-0.165014 -0.081382 -1.937286 
0.188511 -0.070536 1.059173 
0.124373 0.045871 -1.373593 
0.170112 -0.177006 -1.358591 
-1.259534 -0.001890 -3.040742 
3.189429 -0.018712 0.029218 
-1.102135 0.103165 -3.131030 
1.987734 0.209890 0.030456 
7.129723 0.398705 0.046041 
2.285996 -0.151942 -0.010118 
-0.172180 -0.100054 -1.937286 
0.128292 0.026258 -1.373593 
-1.279433 -0.003904 -3.040742 
3.209420 -0.018127 0.029218 
-1.120748 0.055858 -3.093349 
2.007168 0.223024 0.058375 
7.150361 0.383127 0.033916 
2.305995 -0.124106 0.010118 
-0.179347 -0.118726 -1.937286 
0.132210 0.006646 -1.373593 
-1.299331 -0.005918 -3.040742 
3.229412 -0.017543 0.029218 
-1.141113 0.064583 -3.109879 
2.027716 0.211108 0.030456 
7.169680 0.400546 0.046041 
2.325994 -0.152346 -0.010118 
-0.187072 -0.137398 1.937286 
0.136129 -0.012966 -1.373593 
-1.319229 -0.007931 -3.040742 
3.249403 -0.016959 0.029218 
-3.044970 -0.019779 -3.084476 
2.047100 0.225358 0.058375 
7.190338 0.384483 0.033916 
2.345993 -0.123701 0.010118 
-0.194239 -0.157524 -1.937286 
0.140047 -0.032579 -1.373593 
-1.339128 -0.009945 -3.040742 
3.269395 -0.016375 0.029218 
-3.066023 0.003517 -3.109879 
2.067697 0.212326 0.030456 
7.209638 0.402388 0.046041 
2.365992 -0.152751 -0.010118 
0.143966 -0.052191 -1.373593 
-1.359026 -0.011958 -3.040742 
3.289386 -0.015790 0.029218 
-3.084904 -0.022062 -3.084476 
2.087032 0.227691 0.058375 
7.230315 0.385839 0.033916 
2.385991 -0.123296 0.010118 
0.147885 -0.071803 -1.373593 
-1.378924 -0.013972 -3.040742 
3.309378 -0.015206 0.029218 
-3.106003 0.002248 -3.109879 
2.107679 0.213544 0.030456 
7.249596 0.404229 0.046041 
2.405990 -0.153156 -0.010118 
0.151803 -0.091416 -1.373593 
-1.398823 -0.015986 -3.040742 
3.329369 -0.014622 0.029218 
-3.124839 -0.024346 -3.084476 
2.126964 0.230025 0.058375 
7.270292 0.387196 0.033916 
2.425989 -0.122892 0.010118 
0.155722 -0.111028 -1.373593 
-1.418721 -0.017999 -3.040742 
3.349361 -0.014037 0.029218 
-3.145983 0.000980 -3.109879 
2.147660 0.214762 0.030456 
7.289553 0.406070 0.046041 
2.445988 -0.153561 -0.010118 
0.160665 -0.130578 1.495889 
-1.438620 -0.020013 -3.040742 
3.369352 -0.013453 0.029218 
-3.164774 -0.026629 -3.084476 
2.166896 0.232359 0.058375 
7.310269 0.388552 0.033916 
2.465987 -0.122487 0.010118 
0.165042 -0.157675 -1.373593 
-1.458518 -0.022026 -3.040742 
3.389344 -0.012869 0.029218 
-3.185963 -0.000288 -3.109879 
2.187641 0.215980 0.030456 
7.329511 0.407911 0.046041 
2.485986 -0.153965 -0.010118 
0.168960 -0.177287 -1.373593 
-1.478416 -0.024040 -3.040742 
3.409335 -0.012285 0.029218 
-3.204709 -0.028913 -3.084476 
2.206828 0.234692 0.058375 
7.350246 0.389908 0.033916 
2.505985 -0.122082 0.010118 
-1.498315 -0.026054 -3.040742 
3.429327 -0.011700 0.029218 
-3.225943 -0.001557 -3.109879 
2.227623 0.217198 0.030456 
7.369468 0.409752 0.046041 
2.525984 -0.154370 -0.010118 
-1.518213 -0.028067 -3.040742 
3.449318 -0.011116 0.029218 
-3.244644 -0.031196 -3.084476 
2.246759 0.237026 0.058375 
7.390223 0.391265 0.033916 
2.545983 -0.121678 0.010118 
-1.538111 -0.030081 -3.040742 
3.469310 -0.010532 0.029218 
-3.265923 -0.002825 -3.109879 
2.267604 0.218416 0.030456 
7.409426 0.411593 0.046041 
2.565982 -0.154775 -0.010118 
-1.558010 -0.032094 -3.040742 
3.489301 -0.009947 0.029218 
-3.284578 -0.033479 -3.084476 
2.286691 0.239360 0.058375 
7.430200 0.392621 0.033916 
2.585981 -0.121273 0.010118 
-1.577908 -0.034108 -3.040742 
3.509292 -0.009363 0.029218 
-3.305903 -0.004093 -3.109879 
2.307586 0.219634 0.030456 
7.449384 0.413434 0.046041 
2.605980 -0.155179 -0.010118 
-1.597807 -0.036121 -3.040742 
3.529284 -0.008779 0.029218 
-3.324513 -0.035763 -3.084476 
2.326623 0.241693 0.058375 
7.470177 0.393978 0.033916 
2.625979 -0.120868 0.010118 
-1.617705 -0.038135 -3.040742 
3.549275 -0.008195 0.029218 
-3.345882 -0.005362 -3.109879 
2.347567 0.220852 0.030456 
7.489341 0.415275 0.046041 
2.645978 -0.155584 -0.010118 
-1.637603 -0.040149 -3.040742 
3.569267 -0.007610 0.029218 
-3.364448 -0.038046 -3.084476 
2.366555 0.244027 0.058375 
7.510154 0.395334 0.033916 
2.665977 -0.120463 0.010118 
-1.657502 -0.042162 -3.040742 
3.589258 -0.007026 0.029218 
-3.385862 -0.006630 -3.109879 
2.387549 0.222070 0.030456 
7.529299 0.417116 0.046041 
2.685976 -0.155989 -0.010118 
-1.677400 -0.044176 -3.040742 
3.609250 -0.006442 0.029218 
-3.404383 -0.040330 -3.084476 
2.406487 0.246361 0.058375 
7.550131 0.396690 0.033916 
2.705975 -0.120059 0.010118 
-1.697299 -0.046189 -3.040742 
3.629241 -0.005858 0.029218 
-3.425842 -0.007898 -3.109879 
2.427530 0.223288 0.030456 
7.569256 0.418957 0.046041 
2.725974 -0.156394 -0.010118 
-1.717197 -0.048203 -3.040742 
3.649233 -0.005273 0.029218 
-3.444317 -0.042613 -3.084476 
2.446419 0.248694 0.058375 
7.590108 0.398047 0.033916 
2.745973 -0.119654 0.010118 
-1.737095 -0.050217 -3.040742 
3.669224 -0.004689 0.029218 
-3.465822 -0.009167 -3.109879 
2.467512 0.224506 0.030456 
7.609214 0.420798 0.046041 
2.765972 -0.156798 -0.010118 
-1.756994 -0.052230 -3.040742 
3.689216 -0.004105 0.029218 
-3.484252 -0.044897 -3.084476 
2.486351 0.251028 0.058375 
7.630085 0.399403 0.033916 
2.785971 -0.157001 -0.010118 
-1.776892 -0.054244 -3.040742 
3.709207 -0.003520 0.029218 
-3.505802 -0.010435 -3.109879 
2.507493 0.225724 0.030456 
7.649172 0.422639 0.046041 
2.805970 -0.157203 -0.010118 
-1.796790 -0.056257 -3.040742 
3.729199 -0.002936 0.029218 
-3.526953 0.028415 -3.114500 
2.526283 0.253362 0.058375 
7.670062 0.400760 0.033916 
2.825969 -0.157405 -0.010118 
-1.816689 -0.058271 -3.040742 
3.749190 -0.002352 0.029218 
-3.545782 -0.011703 -3.109879 
2.547474 0.226942 0.030456 
7.689129 0.424480 0.046041 
2.845968 -0.157608 -0.010118 
-1.836587 -0.060285 -3.040742 
3.769181 -0.001768 0.029218 
-3.566939 0.027331 -3.114500 
2.566214 0.255695 0.058375 
7.710039 0.402116 0.033916 
2.865967 -0.157810 -0.010118 
-1.856486 -0.062298 -3.040742 
3.789173 -0.001183 0.029218 
-3.585762 -0.012972 -3.109879 
2.587456 0.228161 0.030456 
7.729087 0.426321 0.046041 
2.885966 -0.158012 -0.010118 
-1.876384 -0.064312 -3.040742 
3.809164 -0.000599 0.029218 
-3.606924 0.026248 -3.114500 
2.606146 0.258029 0.058375 
7.750016 0.403472 0.033916 
2.905965 -0.158215 -0.010118 
-1.896282 -0.066325 -3.040742 
3.829156 -0.000015 0.029218 
-3.625742 -0.014240 -3.109879 
2.627437 0.229379 0.030456 
7.769044 0.428162 0.046041 
2.925964 -0.158417 -0.010118 
-1.916181 -0.068339 -3.040742 
3.849147 0.000569 0.029218 
-3.646909 0.025164 -3.114500 
2.646078 0.260363 0.058375 
7.789993 0.404829 0.033916 
2.945963 -0.158619 -0.010118 
-1.936079 -0.070353 -3.040742 
3.869139 0.001154 0.029218 
-3.665722 -0.015508 -3.109879 
2.667419 0.230597 0.030456 
7.809002 0.430003 0.046041 
2.965962 -0.158822 -0.010118 
-1.955977 -0.072366 -3.040742 
3.889130 0.001738 0.029218 
-3.686894 0.024080 -3.114500 
2.686010 0.262696 0.058375 
7.829970 0.406185 0.033916 
2.985961 -0.159024 -0.010118 
-1.975876 -0.074380 -3.040742 
3.909122 0.002322 0.029218 
-3.705701 -0.016777 -3.109879 
2.707400 0.231815 0.030456 
7.848960 0.431844 0.046041 
3.005960 -0.159227 -0.010118 
-1.995774 -0.076393 -3.040742 
3.929113 0.002907 0.029218 
-3.726880 0.022997 -3.114500 
2.725942 0.265030 0.058375 
7.869947 0.407541 0.033916 
3.025959 -0.159429 -0.010118 
-2.015673 -0.078407 -3.040742 
3.949105 0.003491 0.029218 
-3.745681 -0.018045 -3.109879 
2.747382 0.233033 0.030456 
7.888917 0.433685 0.046041 
3.045958 -0.159631 -0.010118 
-2.035571 -0.080421 -3.040742 
3.969096 0.004075 0.029218 
-3.766865 0.021913 -3.114500 
2.765874 0.267364 0.058375 
7.909924 0.408898 0.033916 
3.065957 -0.159834 -0.010118 
-2.055469 -0.082434 -3.040742 
3.989088 0.004659 0.029218 
-3.785661 -0.019313 -3.109879 
2.787363 0.234251 0.030456 
7.928875 0.435526 0.046041 
3.085956 -0.160036 -0.010118 
-2.075368 -0.084448 -3.040742 
4.009079 0.005244 0.029218 
-3.806850 0.020830 -3.114500 
2.805806 0.269697 0.058375 
7.949901 0.410254 0.033916 
3.105954 -0.160238 -0.010118 
-2.095266 -0.086461 -3.040742 
4.029070 0.005828 0.029218 
-3.825641 -0.020582 -3.109879 
2.827345 0.235469 0.030456 
7.968833 0.437367 0.046041 
3.125953 -0.160441 -0.010118 
-2.115164 -0.088475 -3.040742 
4.049062 0.006412 0.029218 
-3.846836 0.019746 -3.114500 
2.845737 0.272031 0.058375 
7.989878 0.411611 0.033916 
3.145952 -0.160643 -0.010118 
-2.135063 -0.090489 -3.040742 
4.069053 0.006997 0.029218 
-3.865621 -0.021850 -3.109879 
2.865703 0.273198 0.058375 
8.008790 0.439208 0.046041 
3.165951 -0.160845 -0.010118 
-2.154961 -0.092502 -3.040742 
4.089045 0.007581 0.029218 
-3.886821 0.018663 -3.114500 
2.885669 0.274365 0.058375 
8.029855 0.412967 0.033916 
3.185950 -0.161048 -0.010118 
-2.174860 -0.094516 -3.040742 
4.109036 0.008165 0.029218 
-3.905601 -0.023118 -3.109879 
2.905635 0.275531 0.058375 
8.048748 0.441049 0.046041 
3.205949 -0.161250 -0.010118 
-2.194758 -0.096529 -3.040742 
4.129028 0.008749 0.029218 
-3.926806 0.017579 -3.114500 
2.925601 0.276698 0.058375 
8.069832 0.414323 0.033916 
3.225948 -0.161452 -0.010118 
-2.214656 -0.098543 -3.040742 
4.149019 0.009334 0.029218 
-3.945581 -0.024387 -3.109879 
2.945567 0.277865 0.058375 
8.088705 0.442890 0.046041 
3.245947 -0.161655 -0.010118 
-2.234555 -0.100557 -3.040742 
4.169011 0.009918 0.029218 
-3.966792 0.016495 -3.114500 
2.965533 0.279032 0.058375 
8.109809 0.415680 0.033916 
3.265946 -0.161857 -0.010118 
-2.254453 -0.102570 -3.040742 
4.189002 0.010502 0.029218 
-3.985561 -0.025655 -3.109879 
2.985499 0.280199 0.058375 
8.128663 0.444731 0.046041 
3.285945 -0.162060 -0.010118 
-2.274351 -0.104584 -3.040742 
4.208994 0.011086 0.029218 
-4.006777 0.015412 -3.114500 
3.005465 0.281366 0.058375 
8.149786 0.417036 0.033916 
3.305944 -0.162262 -0.010118 
-2.294250 -0.106597 -3.040742 
4.228985 0.011671 0.029218 
-4.025540 -0.026923 -3.109879 
3.025431 0.282532 0.058375 
8.168621 0.446572 0.046041 
3.325943 -0.162464 -0.010118 
-2.314148 -0.108611 -3.040742 
4.248977 0.012255 0.029218 
-4.046762 0.014328 -3.114500 
3.045397 0.283699 0.058375 
8.189763 0.418392 0.033916 
3.345942 -0.162667 -0.010118 
-2.334047 -0.110625 -3.040742 
4.268968 0.012839 0.029218 
-4.065520 -0.028192 -3.109879 
3.065363 0.284866 0.058375 
8.208578 0.448413 0.046041 
3.365941 -0.162869 -0.010118 
-2.353945 -0.112638 -3.040742 
4.288960 0.013424 0.029218 
-4.086748 0.013245 -3.114500 
3.085329 0.286033 0.058375 
8.229740 0.419749 0.033916 
3.385940 -0.163071 -0.010118 
-2.373843 -0.114652 -3.040742 
4.308951 0.014008 0.029218 
-4.105500 -0.029460 -3.109879 
3.105295 0.287200 0.058375 
8.248536 0.450254 0.046041 
3.405939 -0.163274 -0.010118 
-2.393742 -0.116665 -3.040742 
4.328942 0.014592 0.029218 
-4.126733 0.012161 -3.114500 
3.125261 0.288367 0.058375 
8.269717 0.421105 0.033916 
3.425938 -0.163476 -0.010118 
-2.413640 -0.118679 -3.040742 
4.348934 0.015176 0.029218 
-4.145480 -0.030728 -3.109879 
3.145226 0.289533 0.058375 
8.288493 0.452095 0.046041 
3.445937 -0.163678 -0.010118 
-2.433538 -0.120693 -3.040742 
4.368925 0.015761 0.029218 
-4.166718 0.011077 -3.114500 
3.165192 0.290700 0.058375 
8.309694 0.422462 0.033916 
3.465936 -0.163881 -0.010118 
-2.453437 -0.122706 -3.040742 
4.388917 0.016345 0.029218 
-4.185460 -0.031996 -3.109879 
3.185158 0.291867 0.058375 
8.328451 0.453936 0.046041 
3.485935 -0.164083 -0.010118 
-2.473335 -0.124720 -3.040742 
4.408908 0.016929 0.029218 
-4.206704 0.009994 -3.114500 
3.205124 0.293034 0.058375 
8.349671 0.423818 0.033916 
3.505934 -0.164285 -0.010118 
-2.493234 -0.126733 -3.040742 
4.428900 0.017514 0.029218 
-4.225440 -0.033265 -3.109879 
3.225090 0.294201 0.058375 
8.368409 0.455777 0.046041 
3.525933 -0.164488 -0.010118 
-2.513132 -0.128747 -3.040742 
4.448891 0.018098 0.029218 
-4.246689 0.008910 -3.114500 
3.245056 0.295368 0.058375 
8.389648 0.425174 0.033916 
3.545932 -0.164690 -0.010118 
-2.533030 -0.130761 -3.040742 
4.468883 0.018682 0.029218 
-4.265420 -0.034533 -3.109879 
3.265022 0.296534 0.058375 
8.408366 0.457618 0.046041 
3.565931 -0.164893 -0.010118 
-2.552929 -0.132774 -3.040742 
4.488874 0.019266 0.029218 
-4.286674 0.007827 -3.114500 
3.284988 0.297701 0.058375 
8.429625 0.426531 0.033916 
3.585930 -0.165095 -0.010118 
-2.572827 -0.134788 -3.040742 
4.508866 0.019851 0.029218 
-4.305400 -0.035801 -3.109879 
3.304954 0.298868 0.058375 
8.450616 0.395142 0.028564 
3.605929 -0.165297 -0.010118 
-2.592725 -0.136801 -3.040742 
4.528857 0.020435 0.029218 
-4.326660 0.006743 -3.114500 
3.324920 0.300035 0.058375 
8.469602 0.427887 0.033916 
3.625928 -0.165500 -0.010118 
-2.612624 -0.138815 -3.040742 
4.548849 0.021019 0.029218 
-4.345380 -0.037070 -3.109879 
3.344886 0.301202 0.058375 
8.490600 0.396284 0.028564 
3.645927 -0.165702 -0.010118 
-2.632522 -0.140829 -3.040742 
4.568840 0.021603 0.029218 
-4.366645 0.005659 -3.114500 
3.364852 0.302369 0.058375 
8.509579 0.429244 0.033916 
3.665926 -0.165904 -0.010118 
-2.652421 -0.142842 -3.040742 
4.588831 0.022188 0.029218 
-4.385359 -0.038338 -3.109879 
3.384818 0.303535 0.058375 
8.530583 0.397427 0.028564 
3.685925 -0.166107 -0.010118 
-2.672319 -0.144856 -3.040742 
4.608823 0.022772 0.029218 
-4.406630 0.004576 -3.114500 
3.404784 0.304702 0.058375 
8.549556 0.430600 0.033916 
3.705924 -0.166309 -0.010118 
-2.692217 -0.146869 -3.040742 
4.628814 0.023356 0.029218 
-4.425339 -0.039606 -3.109879 
3.424750 0.305869 0.058375 
8.570567 0.398569 0.028564 
3.725923 -0.166511 -0.010118 
-2.712116 -0.148883 -3.040742 
4.648806 0.023941 0.029218 
-4.446616 0.003492 -3.114500 
3.444715 0.307036 0.058375 
8.589533 0.431956 0.033916 
3.745922 -0.166714 -0.010118 
-2.732014 -0.150897 -3.040742 
4.668797 0.024525 0.029218 
-4.465319 -0.040875 -3.109879 
3.464681 0.308203 0.058375 
8.610551 0.399712 0.028564 
3.765921 -0.166916 -0.010118 
-2.751913 -0.152910 -3.040742 
4.688789 0.025109 0.029218 
-4.486601 0.002409 -3.114500 
3.484647 0.309370 0.058375 
8.629510 0.433313 0.033916 
3.785920 -0.167118 -0.010118 
-2.771811 -0.154924 -3.040742 
4.708780 0.025693 0.029218 
-4.505299 -0.042143 -3.109879 
3.504613 0.310536 0.058375 
8.650534 0.400854 0.028564 
3.805919 -0.167321 -0.010118 
-2.791709 -0.156937 -3.040742 
4.728772 0.026278 0.029218 
-4.526586 0.001325 -3.114500 
3.524579 0.311703 0.058375 
8.669487 0.434669 0.033916 
3.825918 -0.167523 -0.010118 
-2.811608 -0.158951 -3.040742 
4.748763 0.026862 0.029218 
-4.545279 -0.043411 -3.109879 
3.544545 0.312870 0.058375 
8.690518 0.401996 0.028564 
3.845917 -0.167726 -0.010118 
-2.831506 -0.160965 -3.040742 
4.768755 0.027446 0.029218 
-4.566572 0.000241 -3.114500 
3.564511 0.314037 0.058375 
8.709464 0.436025 0.033916 
3.865916 -0.167928 -0.010118 
-2.851404 -0.162978 -3.040742 
4.788746 0.028031 0.029218 
-4.585259 -0.044680 -3.109879 
3.584477 0.315204 0.058375 
8.730502 0.403139 0.028564 
3.885915 -0.168130 -0.010118 
-2.871303 -0.164992 -3.040742 
4.808738 0.028615 0.029218 
-4.606557 -0.000842 -3.114500 
3.604443 0.316371 0.058375 
8.749441 0.437382 0.033916 
3.905914 -0.168333 -0.010118 
-2.891201 -0.167005 -3.040742 
4.828729 0.029199 0.029218 
-4.625239 -0.045948 -3.109879 
3.624409 0.317537 0.058375 
8.770485 0.404281 0.028564 
3.925913 -0.168535 -0.010118 
-2.911100 -0.169019 -3.040742 
4.848721 0.029783 0.029218 
-4.646542 -0.001926 -3.114500 
3.644375 0.318704 0.058375 
8.789418 0.438738 0.033916 
3.945911 -0.168737 -0.010118 
-2.930998 -0.171033 -3.040742 
4.868712 0.030368 0.029218 
-4.665219 -0.047216 -3.109879 
3.664341 0.319871 0.058375 
8.810469 0.405424 0.028564 
3.965910 -0.168940 -0.010118 
-2.950896 -0.173046 -3.040742 
4.888703 0.030952 0.029218 
-4.686527 -0.003009 -3.114500 
3.684307 0.321038 0.058375 
8.829395 0.440095 0.033916 
3.985909 -0.169142 -0.010118 
-2.970795 -0.175060 -3.040742 
4.908695 0.031536 0.029218 
-4.705199 -0.048485 -3.109879 
3.704273 0.322205 0.058375 
8.850453 0.406566 0.028564 
4.005908 -0.169344 -0.010118 
-2.990693 -0.177073 -3.040742 
4.928686 0.032120 0.029218 
-4.726513 -0.004093 -3.114500 
3.724239 0.323372 0.058375 
8.869372 0.441451 0.033916 
4.025907 -0.169547 -0.010118 
-3.010591 -0.179087 -3.040742 
4.948678 0.032705 0.029218 
-4.745178 -0.049753 -3.109879 
3.744204 0.324538 0.058375 
8.890436 0.407708 0.028564 
4.045906 -0.169749 -0.010118 
-3.030490 -0.181101 -3.040742 
4.968669 0.033289 0.029218 
-4.766498 -0.005176 -3.114500 
3.764170 0.325705 0.058375 
8.909349 0.442807 0.033916 
4.065905 -0.169951 -0.010118 
-3.050388 -0.183114 -3.040742 
4.988661 0.033873 0.029218 
-4.785158 -0.051021 -3.109879 
3.784136 0.326872 0.058375 
8.930420 0.408851 0.028564 
4.085904 -0.170154 -0.010118 
-3.070287 -0.185128 -3.040742 
5.008652 0.034458 0.029218 
-4.806483 -0.006260 -3.114500 
3.804102 0.328039 0.058375 
8.949326 0.444164 0.033916 
4.105903 -0.170356 -0.010118 
-3.090185 -0.187141 -3.040742 
5.028644 0.035042 0.029218 
-4.825138 -0.052290 -3.109879 
3.824068 0.329206 0.058375 
8.970404 0.409993 0.028564 
4.125902 -0.170558 -0.010118 
-3.110083 -0.189155 -3.040742 
5.048635 0.035626 0.029218 
-4.846469 -0.007344 -3.114500 
3.844034 0.330373 0.058375 
8.989303 0.445520 0.033916 
4.145901 -0.170761 -0.010118 
-3.129982 -0.191168 -3.040742 
5.068627 0.036210 0.029218 
-4.865118 -0.053558 -3.109879 
3.864000 0.331539 0.058375 
9.010388 0.411136 0.028564 
4.165900 -0.170963 -0.010118 
-3.149880 -0.193182 -3.040742 
5.088618 0.036795 0.029218 
-4.886454 -0.008427 -3.114500 
3.883966 0.332706 0.058375 
9.029280 0.446877 0.033916 
4.185899 -0.171166 -0.010118 
-3.169778 -0.195196 -3.040742 
5.108610 0.037379 0.029218 
-4.905098 -0.054826 -3.109879 
3.903932 0.333873 0.058375 
9.050371 0.412278 0.028564 
4.205898 -0.171368 -0.010118 
-3.189677 -0.197209 -3.040742 
5.128601 0.037963 0.029218 
-4.926439 -0.009511 -3.114500 
3.923898 0.335040 0.058375 
9.069257 0.448233 0.033916 
4.225897 -0.171570 -0.010118 
-3.209575 -0.199223 -3.040742 
5.148592 0.038548 0.029218 
-4.945078 -0.056095 -3.109879 
3.943864 0.336207 0.058375 
9.090355 0.413420 0.028564 
4.245896 -0.171773 -0.010118 
-3.229474 -0.201236 -3.040742 
5.168584 0.039132 0.029218 
-4.966425 -0.010594 -3.114500 
3.963830 0.337373 0.058375 
9.109234 0.449589 0.033916 
4.265895 -0.171975 -0.010118 
-3.249372 -0.203250 -3.040742 
5.188575 0.039716 0.029218 
-4.985058 -0.057363 -3.109879 
3.983796 0.338540 0.058375 
9.130339 0.414563 0.028564 
4.285894 -0.172177 -0.010118 
-3.269270 -0.205264 -3.040742 
5.208567 0.040300 0.029218 
-5.006410 -0.011678 -3.114500 
4.003762 0.339707 0.058375 
9.149211 0.450946 0.033916 
4.305893 -0.172380 -0.010118 
-3.289169 -0.207277 -3.040742 
5.228558 0.040885 0.029218 
-5.025038 -0.058631 -3.109879 
4.023728 0.340874 0.058375 
9.170322 0.415705 0.028564 
4.325892 -0.172582 -0.010118 
-3.309067 -0.209291 -3.040742 
5.248550 0.041469 0.029218 
-5.046395 -0.012762 -3.114500 
4.043693 0.342041 0.058375 
9.189188 0.452302 0.033916 
4.345891 -0.172784 -0.010118 
-3.328965 -0.211304 -3.040742 
5.268541 0.042053 0.029218 
-5.065018 -0.059900 -3.109879 
4.063659 0.343208 0.058375 
9.210306 0.416847 0.028564 
4.365890 -0.172987 -0.010118 
-3.348864 -0.213318 -3.040742 
5.288533 0.042637 0.029218 
-5.086381 -0.013845 -3.114500 
4.083625 0.344374 0.058375 
9.229165 0.453658 0.033916 
4.385889 -0.173189 -0.010118 
-3.368762 -0.215332 -3.040742 
5.308524 0.043222 0.029218 
-5.104997 -0.061168 -3.109879 
4.103591 0.345541 0.058375 
9.250290 0.417990 0.028564 
4.405888 -0.173391 -0.010118 
-3.388661 -0.217345 -3.040742 
5.328516 0.043806 0.029218 
-5.126366 -0.014929 -3.114500 
4.123557 0.346708 0.058375 
9.269142 0.455015 0.033916 
4.425887 -0.173594 -0.010118 
-3.408559 -0.219359 -3.040742 
5.348507 0.044390 0.029218 
-5.144977 -0.062436 -3.109879 
4.143523 0.347875 0.058375 
9.290273 0.419132 0.028564 
4.445886 -0.173796 -0.010118 
-3.428457 -0.221372 -3.040742 
5.368499 0.044975 0.029218 
-5.166351 -0.016012 -3.114500 
4.163489 0.349042 0.058375 
9.309119 0.456371 0.033916 
4.465885 -0.173999 -0.010118 
-3.448356 -0.223386 -3.040742 
5.388490 0.045559 0.029218 
-5.952579 -0.040499 -3.106206 
4.183455 0.350209 0.058375 
9.330257 0.420275 0.028564 
4.485884 -0.174201 -0.010118 
-3.468254 -0.225400 -3.040742 
5.408481 0.046143 0.029218 
-5.972671 -0.037863 -3.114500 
4.203421 0.351375 0.058375 
9.349096 0.457728 0.033916 
4.505883 -0.174403 -0.010118 
-3.488152 -0.227413 -3.040742 
5.428473 0.046727 0.029218 
-5.992554 -0.041914 -3.106206 
4.223387 0.352542 0.058375 
9.370241 0.421417 0.028564 
4.525882 -0.174606 -0.010118 
-3.508051 -0.229427 -3.040742 
5.448464 0.047312 0.029218 
-6.012657 -0.038947 -3.114500 
4.243353 0.353709 0.058375 
9.389073 0.459084 0.033916 
4.545881 -0.174808 -0.010118 
-3.527949 -0.231440 -3.040742 
5.468456 0.047896 0.029218 
-6.032529 -0.043329 -3.106206 
4.263319 0.354876 0.058375 
9.410224 0.422559 0.028564 
4.565880 -0.175010 -0.010118 
-3.547848 -0.233454 -3.040742 
5.488447 0.048480 0.029218 
-6.052642 -0.040031 -3.114500 
4.283285 0.356043 0.058375 
9.429050 0.460440 0.033916 
4.585879 -0.175213 -0.010118 
-3.567746 -0.235468 -3.040742 
5.508439 0.049065 0.029218 
-6.072504 -0.044745 -3.106206 
4.303251 0.357210 0.058375 
9.450208 0.423702 0.028564 
4.605878 -0.175415 -0.010118 
-3.587644 -0.237481 -3.040742 
5.528430 0.049649 0.029218 
-6.092627 -0.041114 -3.114500 
4.323217 0.358376 0.058375 
9.469027 0.461797 0.033916 
4.625877 -0.175617 -0.010118 
-3.607543 -0.239495 -3.040742 
5.548422 0.050233 0.029218 
-6.112479 -0.046160 -3.106206 
4.343182 0.359543 0.058375 
9.490192 0.424844 0.028564 
4.645876 -0.175820 -0.010118 
-3.627441 -0.241508 -3.040742 
5.568413 0.050817 0.029218 
-6.132613 -0.042198 -3.114500 
4.363148 0.360710 0.058375 
9.509004 0.463153 0.033916 
4.665875 -0.176022 -0.010118 
-3.647339 -0.243522 -3.040742 
5.588405 0.051402 0.029218 
-6.152454 -0.047575 -3.106206 
4.383114 0.361877 0.058375 
9.530175 0.425987 0.028564 
4.685874 -0.176224 -0.010118 
-3.667238 -0.245536 -3.040742 
5.608396 0.051986 0.029218 
-6.172598 -0.043281 -3.114500 
4.403080 0.363044 0.058375 
9.548981 0.464510 0.033916 
4.705873 -0.176427 -0.010118 
-3.687136 -0.247549 -3.040742 
5.628388 0.052570 0.029218 
-6.192429 -0.048990 -3.106206 
4.423046 0.364211 0.058375 
9.570159 0.427129 0.028564 
4.725872 -0.176629 -0.010118 
-3.707035 -0.249563 -3.040742 
5.648379 0.053154 0.029218 
-6.212583 -0.044365 -3.114500 
4.443012 0.365377 0.058375 
9.588958 0.465866 0.033916 
4.745871 -0.176832 -0.010118 
-3.726933 -0.251576 -3.040742 
5.668371 0.053739 0.029218 
-6.232404 -0.050405 -3.106206 
4.462978 0.366544 0.058375 
9.610143 0.428271 0.028564 
4.765870 -0.177034 -0.010118 
-3.746831 -0.253590 -3.040742 
5.688362 0.054323 0.029218 
-6.252568 -0.045449 -3.114500 
4.482944 0.367711 0.058375 
9.628935 0.467222 0.033916 
4.785868 -0.177236 -0.010118 
-3.766730 -0.255604 -3.040742 
5.708353 0.054907 0.029218 
-6.272379 -0.051820 -3.106206 
4.502910 0.368878 0.058375 
9.650126 0.429414 0.028564 
4.805867 -0.177439 -0.010118 
-3.786628 -0.257617 -3.040742 
5.728345 0.055492 0.029218 
-6.292554 -0.046532 -3.114500 
4.522876 0.370045 0.058375 
9.668912 0.468579 0.033916 
4.825866 -0.177641 -0.010118 
-3.806527 -0.259631 -3.040742 
5.748336 0.056076 0.029218 
-6.312354 -0.053236 -3.106206 
4.542842 0.371212 0.058375 
9.690110 0.430556 0.028564 
4.845865 -0.177843 -0.010118 
-3.826425 -0.261644 -3.040742 
5.768328 0.056660 0.029218 
-6.332539 -0.047616 -3.114500 
4.562808 0.372378 0.058375 
9.708889 0.469935 0.033916 
4.865864 -0.178046 -0.010118 
-3.846323 -0.263658 -3.040742 
5.788319 0.057244 0.029218 
-6.352329 -0.054651 -3.106206 
4.582774 0.373545 0.058375 
9.730094 0.431699 0.028564 
4.885863 -0.178248 -0.010118 
-3.866222 -0.265672 -3.040742 
5.808311 0.057829 0.029218 
-6.372524 -0.048699 -3.114500 
4.602740 0.374712 0.058375 
9.748866 0.471291 0.033916 
4.905862 -0.178450 -0.010118 
-3.886120 -0.267685 -3.040742 
5.828302 0.058413 0.029218 
-6.392304 -0.056066 -3.106206 
4.622706 0.375879 0.058375 
9.770078 0.432841 0.028564 
4.925861 -0.178653 -0.010118 
-3.906018 -0.269699 -3.040742 
5.848294 0.058997 0.029218 
-6.412510 -0.049783 -3.114500 
4.642671 0.377046 0.058375 
9.788843 0.472648 0.033916 
4.945860 -0.178855 -0.010118 
-3.925917 -0.271712 -3.040742 
5.868285 0.059582 0.029218 
-6.432279 -0.057481 -3.106206 
4.662637 0.378213 0.058375 
9.810061 0.433983 0.028564 
4.965859 -0.179057 -0.010118 
-3.945815 -0.273726 -3.040742 
5.888277 0.060166 0.029218 
-6.452495 -0.050866 -3.114500 
4.682603 0.379379 0.058375 
9.828820 0.474004 0.033916 
4.985858 -0.179260 -0.010118 
-3.965714 -0.275740 -3.040742 
5.908268 0.060750 0.029218 
-6.472254 -0.058896 -3.106206 
4.702569 0.380546 0.058375 
9.850045 0.435126 0.028564 
5.005857 -0.179462 -0.010118 
-3.985612 -0.277753 -3.040742 
5.928260 0.061334 0.029218 
-6.492480 -0.051950 -3.114500 
4.722535 0.381713 0.058375 
9.868797 0.475361 0.033916 
5.025856 -0.179665 -0.010118 
-4.005510 -0.279767 -3.040742 
5.948251 0.061919 0.029218 
-6.512229 -0.060311 -3.106206 
4.742501 0.382880 0.058375 
9.890029 0.436268 0.028564 
5.045855 -0.179867 -0.010118 
-4.025409 -0.281780 -3.040742 
5.968242 0.062503 0.029218 
-6.532466 -0.053034 -3.114500 
4.762467 0.384047 0.058375 
9.908774 0.476717 0.033916 
5.065854 -0.180069 -0.010118 
-4.045307 -0.283794 -3.040742 
5.988234 0.063087 0.029218 
-6.552204 -0.061727 -3.106206 
4.782433 0.385214 0.058375 
9.930012 0.437410 0.028564 
5.085853 -0.180272 -0.010118 
-4.065205 -0.285808 -3.040742 
6.008225 0.063671 0.029218 
-6.572451 -0.054117 -3.114500 
4.802399 0.386380 0.058375 
9.948751 0.478073 0.033916 
5.105852 -0.180474 -0.010118 
-4.085104 -0.287821 -3.040742 
6.028217 0.064256 0.029218 
-6.592179 -0.063142 -3.106206 
4.822365 0.387547 0.058375 
9.969996 0.438553 0.028564 
5.125851 -0.180676 -0.010118 
-4.105002 -0.289835 -3.040742 
6.048208 0.064840 0.029218 
-6.612436 -0.055201 -3.114500 
4.842331 0.388714 0.058375 
9.988728 0.479430 0.033916 
5.145850 -0.180879 -0.010118 
-4.124901 -0.291848 -3.040742 
6.068200 0.065424 0.029218 
-6.632154 -0.064557 -3.106206 
4.862297 0.389881 0.058375 
10.009980 0.439695 0.028564 
5.165849 -0.181081 -0.010118 
-4.144799 -0.293862 -3.040742 
6.088191 0.066009 0.029218 
-6.652422 -0.056284 -3.114500 
4.882263 0.391048 0.058375 
10.028705 0.480786 0.033916 
5.185848 -0.181283 -0.010118 
-4.164697 -0.295876 -3.040742 
6.108183 0.066593 0.029218 
-6.672129 -0.065972 -3.106206 
4.902229 0.392215 0.058375 
10.049963 0.440838 0.028564 
5.205847 -0.181486 -0.010118 
-4.184596 -0.297889 -3.040742 
6.128174 0.067177 0.029218 
-6.692407 -0.057368 -3.114500 
4.922195 0.393381 0.058375 
10.068682 0.482142 0.033916 
5.225846 -0.181688 -0.010118 
-4.204494 -0.299903 -3.040742 
6.148166 0.067761 0.029218 
-6.712103 -0.067387 -3.106206 
4.942160 0.394548 0.058375 
10.089947 0.441980 0.028564 
5.245845 -0.181890 -0.010118 
-4.224392 -0.301916 -3.040742 
6.168157 0.068346 0.029218 
-6.732392 -0.058452 -3.114500 
4.962126 0.395715 0.058375 
10.108659 0.483499 0.033916 
5.265844 -0.182093 -0.010118 
-4.244291 -0.303930 -3.040742 
6.188149 0.068930 0.029218 
-6.752078 -0.068802 -3.106206 
4.982092 0.396882 0.058375 
10.129931 0.443122 0.028564 
5.285843 -0.182295 -0.010118 
-4.264189 -0.305944 -3.040742 
6.208140 0.069514 0.029218 
-6.772378 -0.059535 -3.114500 
5.002058 0.398049 0.058375 
10.148636 0.484855 0.033916 
5.305842 -0.182497 -0.010118 
-4.284088 -0.307957 -3.040742 
6.228132 0.070099 0.029218 
-6.792053 -0.070218 -3.106206 
5.022024 0.399215 0.058375 
10.169914 0.444265 0.028564 
5.325841 -0.182700 -0.010118 
-4.303986 -0.309971 -3.040742 
6.248123 0.070683 0.029218 
-6.812363 -0.060619 -3.114500 
5.041990 0.400382 0.058375 
10.188613 0.486212 0.033916 
5.345840 -0.182902 -0.010118 
-4.323884 -0.311984 -3.040742 
6.268114 0.071267 0.029218 
-6.832028 -0.071633 -3.106206 
5.061956 0.401549 0.058375 
10.209898 0.445407 0.028564 
5.365839 -0.183105 -0.010118 
-4.343783 -0.313998 -3.040742 
6.288106 0.071851 0.029218 
-6.852348 -0.061702 -3.114500 
5.081922 0.402716 0.058375 
10.228590 0.487568 0.033916 
5.385838 -0.183307 -0.010118 
-4.363681 -0.316012 -3.040742 
6.308097 0.072436 0.029218 
-6.872003 -0.073048 -3.106206 
5.101888 0.403883 0.058375 
10.249882 0.446550 0.028564 
5.405837 -0.183509 -0.010118 
-4.383579 -0.318025 -3.040742 
6.328089 0.073020 0.029218 
-6.892334 -0.062786 -3.114500 
5.121854 0.405050 0.058375 
10.268567 0.488924 0.033916 
5.425836 -0.183712 -0.010118 
-4.403478 -0.320039 -3.040742 
6.348080 0.073604 0.029218 
-6.911978 -0.074463 -3.106206 
5.141820 0.406216 0.058375 
10.289865 0.447692 0.028564 
5.445835 -0.183914 -0.010118 
-4.423376 -0.322052 -3.040742 
6.368072 0.074188 0.029218 
-6.932319 -0.063870 -3.114500 
5.161786 0.407383 0.058375 
10.308544 0.490281 0.033916 
5.465834 -0.184116 -0.010118 
-4.443275 -0.324066 -3.040742 
6.388063 0.074773 0.029218 
-6.951953 -0.075878 -3.106206 
5.181752 0.408550 0.058375 
10.329849 0.448834 0.028564 
5.485833 -0.184319 -0.010118 
-4.463173 -0.326080 -3.040742 
6.408055 0.075357 0.029218 
-6.972304 -0.064953 -3.114500 
5.201718 0.409717 0.058375 
10.348521 0.491637 0.033916 
5.505832 -0.184521 -0.010118 
-4.483071 -0.328093 -3.040742 
6.428046 0.075941 0.029218 
-6.991928 -0.077293 -3.106206 
5.221684 0.410884 0.058375 
10.369833 0.449977 0.028564 
5.525831 -0.184723 -0.010118 
-4.502970 -0.330107 -3.040742 
6.448038 0.076526 0.029218 
-7.012290 -0.066037 -3.114500 
5.241649 0.412051 0.058375 
10.388498 0.492994 0.033916 
5.545830 -0.184926 -0.010118 
-4.522868 -0.332120 -3.040742 
6.468029 0.077110 0.029218 
-7.031903 -0.078709 -3.106206 
5.261615 0.413217 0.058375 
10.409816 0.451119 0.028564 
5.565829 -0.185128 -0.010118 
-4.542766 -0.334134 -3.040742 
6.488021 0.077694 0.029218 
-7.052275 -0.067120 -3.114500 
5.281581 0.414384 0.058375 
10.428475 0.494350 0.033916 
5.585828 -0.185330 -0.010118 
-4.562665 -0.336148 -3.040742 
6.508012 0.078278 0.029218 
-7.071878 -0.080124 -3.106206 
5.301547 0.415551 0.058375 
10.449800 0.452262 0.028564 
5.605827 -0.185533 -0.010118 
-4.582563 -0.338161 -3.040742 
6.528003 0.078863 0.029218 
-7.092260 -0.068204 -3.114500 
5.321513 0.416718 0.058375 
10.468452 0.495706 0.033916 
5.625826 -0.185735 -0.010118 
-4.602462 -0.340175 -3.040742 
6.547995 0.079447 0.029218 
-7.111853 -0.081539 -3.106206 
5.341479 0.417885 0.058375 
10.489784 0.453404 0.028564 
5.645824 -0.185938 -0.010118 
FIN_LISTE

